2000 
    Freq MDM_136
9000   0.0125053
9005.27   0.0148983
9010.54   0.026814
9015.82   0.0126131
9021.1   0.0149961
9026.38   0.0272366
9031.66   0.0128784
9036.95   0.0148031
9042.24   0.0278745
9047.54   0.0133397
9052.83   0.0143662
9058.13   0.0284775
9063.44   0.0140813
9068.74   0.0137766
9074.05   0.0285779
9079.37   0.0152462
9084.68   0.0131591
9090   0.0275981
9095.32   0.0170538
9100.65   0.0126605
9105.98   0.0252416
9111.31   0.0197957
9116.64   0.012445
9121.98   0.0218875
9127.32   0.0236786
9132.67   0.0127122
9138.01   0.0184022
9143.36   0.028113
9148.72   0.0137518
9154.07   0.0155441
9159.43   0.0304267
9164.8   0.0160472
9170.16   0.0136939
9175.53   0.0276208
9180.9   0.0203483
9186.28   0.013022
9191.66   0.0217166
9197.04   0.0269065
9202.42   0.013795
9207.81   0.0167263
9213.2   0.0315291
9218.6   0.0167189
9224   0.0140028
9229.4   0.02719
9234.8   0.0230815
9240.21   0.0135685
9245.62   0.0195144
9251.03   0.0313438
9256.45   0.0158602
9261.87   0.014935
9267.29   0.0295151
9272.72   0.0225102
9278.15   0.0138753
9283.58   0.0202254
9289.01   0.0322649
9294.45   0.016582
9299.89   0.0149857
9305.34   0.0286535
9310.79   0.0252036
9316.24   0.0144866
9321.69   0.0185377
9327.15   0.0339796
9332.61   0.0193801
9338.08   0.0145504
9343.54   0.0241167
9349.01   0.0315871
9354.49   0.0164577
9359.96   0.0159395
9365.45   0.0301927
9370.93   0.0266961
9376.42   0.015295
9381.91   0.0181479
9387.4   0.0343893
9392.89   0.0230405
9398.39   0.015066
9403.9   0.0206564
9409.4   0.0359325
9414.91   0.0209433
9420.42   0.0152779
9425.94   0.0228949
9431.46   0.0360613
9436.98   0.0199895
9442.51   0.0156163
9448.04   0.0243812
9453.57   0.0361449
9459.1   0.0198726
9464.64   0.015896
9470.18   0.0248338
9475.73   0.0368097
9481.28   0.0205024
9486.83   0.0160663
9492.38   0.0241872
9497.94   0.0379482
9503.5   0.0220149
9509.06   0.0162249
9514.63   0.0226073
9520.2   0.0386126
9525.78   0.0247993
9531.35   0.0166274
9536.93   0.0205205
9542.52   0.0370579
9548.11   0.0294497
9553.7   0.0177232
9559.29   0.0185413
9564.89   0.032277
9570.49   0.0359885
9576.09   0.0202855
9581.7   0.0173232
9587.31   0.0259224
9592.92   0.0407186
9598.54   0.0256746
9604.16   0.0175674
9609.78   0.0207006
9615.41   0.0363934
9621.04   0.0351785
9626.67   0.0204154
9632.31   0.0180257
9637.95   0.0266455
9643.59   0.0421401
9649.24   0.0282272
9654.88   0.0186212
9660.54   0.0200156
9666.19   0.0332379
9671.85   0.0411104
9677.52   0.0244713
9683.18   0.0183972
9688.85   0.022401
9694.52   0.0381913
9700.2   0.0387762
9705.88   0.0230077
9711.56   0.0187391
9717.25   0.0241647
9722.94   0.0407245
9728.63   0.0381777
9734.33   0.0230055
9740.03   0.0191407
9745.73   0.0246348
9751.44   0.0410659
9757.15   0.0399895
9762.86   0.0242962
9768.57   0.0195226
9774.29   0.0237413
9780.02   0.0389079
9785.74   0.0439774
9791.47   0.027408
9797.21   0.0202745
9802.94   0.02208
9808.68   0.0339272
9814.42   0.0475645
9820.17   0.033678
9825.92   0.0223735
9831.67   0.0207562
9837.43   0.02763
9843.19   0.0441745
9848.95   0.0439691
9854.72   0.0278363
9860.49   0.0212278
9866.26   0.0227732
9872.04   0.0333622
9877.82   0.0491481
9883.6   0.0400057
9889.39   0.0259323
9895.18   0.0214549
9900.97   0.0244699
9906.77   0.0365742
9912.57   0.05092
9918.38   0.0398228
9924.18   0.0263549
9929.99   0.0220253
9935.81   0.0247805
9941.62   0.0360411
9947.44   0.0515371
9953.27   0.0438934
9959.1   0.0290829
9964.93   0.023018
9970.76   0.0238886
9976.6   0.0320739
9982.44   0.0481703
9988.29   0.0515902
9994.13   0.0358981
9999.99   0.0258045
10005.8   0.0232835
10011.7   0.026942
10017.6   0.0383371
10023.4   0.0537998
10029.3   0.0493715
10035.2   0.0339559
10041   0.0257015
10046.9   0.0241129
10052.8   0.0282838
10058.7   0.0397684
10064.6   0.0550812
10070.5   0.0523122
10076.4   0.036985
10082.3   0.0276115
10088.2   0.0247802
10094.1   0.0271902
10100   0.0357536
10105.9   0.0508594
10111.8   0.0587891
10117.7   0.046714
10123.7   0.0334874
10129.6   0.0269699
10135.5   0.0258094
10141.5   0.0294141
10147.4   0.0389244
10153.3   0.053903
10159.3   0.0608785
10165.2   0.0494179
10171.2   0.0361323
10177.1   0.028861
10183.1   0.0266623
10189.1   0.0286702
10195   0.0354531
10201   0.0480051
10207   0.0615072
10212.9   0.0606702
10218.9   0.0472354
10224.9   0.0357395
10230.9   0.029626
10236.9   0.0278063
10242.9   0.0296323
10248.9   0.0355224
10254.9   0.0464017
10260.9   0.060285
10266.9   0.0662113
10272.9   0.0571909
10278.9   0.0441743
10284.9   0.0350818
10290.9   0.0303959
10297   0.0291629
10303   0.0309762
10309   0.0361555
10315.1   0.0454273
10321.1   0.0582389
10327.2   0.0685822
10333.2   0.0670953
10339.3   0.0559309
10345.3   0.0444747
10351.4   0.0366267
10357.4   0.0323059
10363.5   0.0307921
10369.6   0.0317079
10375.6   0.0351249
10381.7   0.0414706
10387.8   0.0511152
10393.9   0.0629763
10399.9   0.0722693
10406   0.0725405
10412.1   0.0640691
10418.2   0.0531911
10424.3   0.0442203
10430.4   0.0381113
10436.5   0.0345211
10442.6   0.032979
10448.8   0.0332047
10454.9   0.0351419
10461   0.0389284
10467.1   0.0448183
10473.3   0.0529656
10479.4   0.0628865
10485.5   0.0726179
10491.7   0.0786098
10497.8   0.0780486
10503.9   0.0717095
10510.1   0.0629188
10516.3   0.0544872
10522.4   0.0476446
10528.6   0.0425874
10534.7   0.0391222
10540.9   0.0369922
10547.1   0.0359892
10553.3   0.0359785
10559.4   0.0368934
10565.6   0.0387235
10571.8   0.0415004
10578   0.0452777
10584.2   0.0501003
10590.4   0.0559525
10596.6   0.0626802
10602.8   0.0698989
10609   0.0769318
10615.2   0.0828656
10621.4   0.0867867
10627.6   0.0881284
10633.9   0.0869038
10640.1   0.0836497
10646.3   0.0791466
10652.5   0.0741325
10658.8   0.0691501
10665   0.064526
10671.3   0.0604173
10677.5   0.0568709
10683.8   0.0538719
10690   0.0513754
10696.3   0.0493253
10702.5   0.0476642
10708.8   0.0463388
10715.1   0.0453007
10721.4   0.0445076
10727.6   0.0439225
10733.9   0.0435131
10740.2   0.0432512
10746.5   0.0431122
10752.8   0.0430744
10759.1   0.0431186
10765.4   0.0432279
10771.7   0.0433873
10778   0.043584
10784.3   0.0438067
10790.6   0.0440461
10796.9   0.0442948
10803.3   0.0445471
10809.6   0.0447993
10815.9   0.0450496
10822.2   0.0452984
10828.6   0.045548
10834.9   0.0458029
10841.3   0.04607
10847.6   0.0463581
10854   0.0466787
10860.3   0.0470458
10866.7   0.0474758
10873   0.0479882
10879.4   0.0486057
10885.8   0.0493546
10892.1   0.0502654
10898.5   0.0513737
10904.9   0.0527206
10911.3   0.0543543
10917.7   0.0563307
10924.1   0.0587149
10930.5   0.0615812
10936.9   0.0650127
10943.3   0.0690977
10949.7   0.0739213
10956.1   0.0795472
10962.5   0.0859855
10968.9   0.0931376
10975.3   0.100719
10981.8   0.108175
10988.2   0.114635
10994.6   0.119008
11001.1   0.120275
11007.5   0.11792
11014   0.112223
11020.4   0.104172
11026.9   0.0950461
11033.3   0.0859837
11039.8   0.0777622
11046.2   0.070797
11052.7   0.065248
11059.2   0.0611369
11065.6   0.058439
11072.1   0.0571431
11078.6   0.0572918
11085.1   0.0590112
11091.6   0.062537
11098.1   0.0682304
11104.6   0.0765588
11111.1   0.087951
11117.6   0.102337
11124.1   0.118141
11130.6   0.131137
11137.1   0.135448
11143.6   0.128389
11150.2   0.113606
11156.7   0.0972424
11163.2   0.0832997
11169.8   0.0731034
11176.3   0.066644
11182.9   0.063614
11189.4   0.0638782
11195.9   0.0676624
11202.5   0.0756331
11209.1   0.0888063
11215.6   0.107768
11222.2   0.129999
11228.8   0.145907
11235.3   0.143564
11241.9   0.124758
11248.5   0.102475
11255.1   0.0850502
11261.7   0.074168
11268.3   0.0692237
11274.9   0.0697279
11281.5   0.0760407
11288.1   0.0895072
11294.7   0.111641
11301.3   0.139658
11307.9   0.157773
11314.5   0.147934
11321.2   0.120581
11327.8   0.09597
11334.4   0.0807223
11341.1   0.0742562
11347.7   0.0756549
11354.3   0.0855942
11361   0.106359
11367.6   0.138237
11374.3   0.165855
11381   0.159289
11387.6   0.126975
11394.3   0.0987065
11401   0.0830952
11407.6   0.0787755
11414.3   0.0850473
11421   0.104038
11427.7   0.138156
11434.4   0.173354
11441.1   0.168851
11447.8   0.131329
11454.5   0.100466
11461.2   0.0856635
11467.9   0.0847366
11474.6   0.0979135
11481.3   0.129031
11488   0.1729
11494.8   0.183896
11501.5   0.144855
11508.2   0.107811
11515   0.0904137
11521.7   0.090162
11528.5   0.107592
11535.2   0.147292
11542   0.192403
11548.7   0.17964
11555.5   0.131192
11562.2   0.100995
11569   0.0930722
11575.8   0.105373
11582.6   0.14273
11589.3   0.195992
11596.1   0.192696
11602.9   0.139415
11609.7   0.105649
11616.5   0.0980593
11623.3   0.114608
11630.1   0.161171
11636.9   0.21306
11643.7   0.183968
11650.6   0.128896
11657.4   0.104252
11664.2   0.107959
11671   0.142598
11677.9   0.206381
11684.7   0.211673
11691.5   0.14875
11698.4   0.112448
11705.2   0.110032
11712.1   0.141559
11719   0.209158
11725.8   0.222626
11732.7   0.155136
11739.6   0.116658
11746.4   0.116442
11753.3   0.155658
11760.2   0.229278
11767.1   0.217343
11774   0.146488
11780.9   0.117761
11787.8   0.130636
11794.7   0.191345
11801.6   0.251256
11808.5   0.187626
11815.4   0.131436
11822.3   0.12486
11829.2   0.166921
11836.1   0.250028
11843.1   0.223629
11850   0.148198
11857   0.127375
11863.9   0.158775
11870.8   0.24527
11877.8   0.245199
11884.7   0.160385
11891.7   0.132343
11898.7   0.161944
11905.6   0.25252
11912.6   0.252389
11919.6   0.16369
11926.6   0.137832
11933.5   0.175864
11940.5   0.273726
11947.5   0.243538
11954.5   0.158895
11961.5   0.14618
11968.5   0.205665
11975.5   0.297364
11982.5   0.216763
11989.5   0.152288
11996.6   0.165222
12003.6   0.259624
12010.6   0.287296
12017.7   0.182807
12024.7   0.154989
12031.7   0.21126
12038.8   0.315667
12045.8   0.229761
12052.9   0.162152
12059.9   0.185204
12067   0.298427
12074.1   0.279062
12081.1   0.178657
12088.2   0.175653
12095.3   0.273864
12102.4   0.31615
12109.4   0.198091
12116.5   0.17518
12123.6   0.259591
12130.7   0.338221
12137.8   0.21477
12144.9   0.179131
12152.1   0.257754
12159.2   0.351126
12166.3   0.22466
12173.4   0.185215
12180.5   0.268031
12187.7   0.3585
12194.8   0.226244
12201.9   0.193422
12209.1   0.291529
12216.2   0.356884
12223.4   0.220916
12230.5   0.206349
12237.7   0.329956
12244.9   0.338407
12252   0.213136
12259.2   0.229883
12266.4   0.377794
12273.6   0.301543
12280.8   0.21013
12288   0.274139
12295.1   0.403787
12302.3   0.25939
12309.5   0.221996
12316.8   0.348948
12324   0.365849
12331.2   0.231117
12338.4   0.264426
12345.6   0.422532
12352.9   0.292141
12360.1   0.233007
12367.3   0.357183
12374.6   0.388746
12381.8   0.24508
12389.1   0.286544
12396.3   0.445049
12403.6   0.292643
12410.8   0.254203
12418.1   0.411247
12425.4   0.366878
12432.6   0.252601
12439.9   0.350172
12447.2   0.440228
12454.5   0.273134
12461.8   0.306996
12469.1   0.475277
12476.4   0.309792
12483.7   0.285528
12491   0.466847
12498.3   0.355979
12505.6   0.279687
12513   0.439804
12520.3   0.403468
12527.6   0.283736
12534.9   0.414409
12542.3   0.444717
12549.6   0.293263
12557   0.397931
12564.3   0.47595
12571.7   0.304861
12579   0.391141
12586.4   0.497427
12593.8   0.316024
12601.2   0.393191
12608.5   0.511027
12615.9   0.325245
12623.3   0.403528
12630.7   0.517781
12638.1   0.332149
12645.5   0.422425
12652.9   0.516872
12660.3   0.337593
12667.7   0.450854
12675.1   0.506289
12682.5   0.34372
12690   0.489513
12697.4   0.484907
12704.8   0.354019
12712.3   0.536056
12719.7   0.454997
12727.2   0.373436
12734.6   0.579717
12742.1   0.423085
12749.5   0.40846
12757   0.598037
12764.5   0.398287
12771.9   0.465945
12779.4   0.571317
12786.9   0.390222
12794.4   0.545426
12801.9   0.510305
12809.4   0.408996
12816.9   0.616647
12824.4   0.45048
12831.9   0.465892
12839.4   0.61616
12846.9   0.421287
12854.4   0.562907
12862   0.539966
12869.5   0.440214
12877   0.645401
12884.6   0.46576
12892.1   0.520253
12899.7   0.611699
12907.2   0.448041
12914.8   0.636306
12922.3   0.512978
12929.9   0.508604
12937.5   0.65078
12945   0.467688
12952.6   0.634079
12960.2   0.545042
12967.8   0.51918
12975.4   0.668275
12983   0.487534
12990.6   0.650875
12998.2   0.55679
13005.8   0.546912
13013.4   0.670381
13021   0.506696
13028.7   0.6822
13036.3   0.552226
13043.9   0.593769
13051.6   0.651841
13059.2   0.534507
13066.9   0.708187
13074.5   0.544358
13082.2   0.660133
13089.8   0.612575
13097.5   0.587446
13105.2   0.694129
13112.8   0.556541
13120.5   0.717305
13128.2   0.57706
13135.9   0.671996
13143.6   0.635609
13151.3   0.615858
13159   0.700156
13166.7   0.587752
13174.4   0.729375
13182.1   0.594534
13189.8   0.711108
13197.5   0.629027
13205.3   0.671182
13213   0.676482
13220.7   0.637617
13228.5   0.717437
13236.2   0.622294
13244   0.736695
13251.7   0.62564
13259.5   0.732645
13267.2   0.643088
13275   0.714942
13282.8   0.668159
13290.5   0.694741
13298.3   0.694195
13306.1   0.678862
13313.9   0.715991
13321.7   0.669607
13329.5   0.730983
13337.3   0.666538
13345.1   0.739262
13352.9   0.668036
13360.7   0.742561
13368.6   0.672234
13376.4   0.743025
13384.2   0.677505
13392.1   0.742422
13399.9   0.682666
13407.8   0.741891
13415.6   0.686995
13423.5   0.742014
13431.3   0.690139
13439.2   0.742999
13447.1   0.691997
13454.9   0.744852
13462.8   0.6926
13470.7   0.747493
13478.6   0.692043
13486.5   0.750812
13494.4   0.690452
13502.3   0.75467
13510.2   0.687993
13518.1   0.758869
13526   0.684905
13533.9   0.763082
13541.8   0.681549
13549.8   0.766769
13557.7   0.678457
13565.6   0.769097
13573.6   0.676382
13581.5   0.768899
13589.5   0.676307
13597.4   0.764763
13605.4   0.679424
13613.4   0.755308
13621.3   0.687024
13629.3   0.739695
13637.3   0.700239
13645.3   0.718257
13653.3   0.719535
13661.3   0.692959
13669.3   0.743783
13677.3   0.667389
13685.3   0.768911
13693.3   0.646258
13701.3   0.786872
13709.3   0.634679
13717.3   0.787065
13725.4   0.637526
13733.4   0.762305
13741.5   0.658642
13749.5   0.716142
13757.5   0.698729
13765.6   0.663045
13773.7   0.749937
13781.7   0.620518
13789.8   0.788576
13797.9   0.602368
13805.9   0.781735
13814   0.617672
13822.1   0.72197
13830.2   0.669828
13838.3   0.64372
13846.4   0.744891
13854.5   0.588285
13862.6   0.789872
13870.7   0.578964
13878.9   0.746022
13887   0.625771
13895.1   0.645739
13903.3   0.719014
13911.4   0.569364
13919.5   0.784248
13927.7   0.558013
13935.9   0.722929
13944   0.623965
13952.2   0.601646
13960.3   0.740239
13968.5   0.535833
13976.7   0.764498
13984.9   0.563586
13993.1   0.636615
14001.3   0.68342
14009.5   0.529704
14017.7   0.768824
14025.9   0.530797
14034.1   0.650038
14042.3   0.649713
14050.5   0.519243
14058.7   0.76094
14067   0.513859
14075.2   0.632708
14083.5   0.646882
14091.7   0.49735
14100   0.748437
14108.2   0.512438
14116.5   0.582828
14124.7   0.67733
14133   0.471519
14141.3   0.707107
14149.6   0.540183
14157.8   0.511125
14166.1   0.724341
14174.4   0.464187
14182.7   0.606098
14191   0.619121
14199.3   0.450846
14207.7   0.698828
14216   0.512855
14224.3   0.482633
14232.6   0.712464
14241   0.449964
14249.3   0.54327
14257.6   0.648582
14266   0.423315
14274.3   0.611434
14282.7   0.56718
14291.1   0.419843
14299.4   0.66277
14307.8   0.501959
14316.2   0.429046
14324.6   0.684233
14332.9   0.45727
14341.3   0.442589
14349.7   0.681094
14358.1   0.428272
14366.5   0.453882
14375   0.667113
14383.4   0.409761
14391.8   0.458285
14400.2   0.653479
14408.6   0.398284
14417.1   0.453268
14425.5   0.645576
14434   0.392423
14442.4   0.438343
14450.9   0.643445
14459.3   0.392754
14467.8   0.41504
14476.3   0.641546
14484.8   0.401847
14493.2   0.386981
14501.7   0.627818
14510.2   0.424275
14518.7   0.359682
14527.2   0.587279
14535.7   0.465923
14544.2   0.339948
14552.7   0.515817
14561.3   0.528899
14569.8   0.335626
14578.3   0.431082
14586.8   0.591829
14595.4   0.356804
14603.9   0.359729
14612.5   0.587888
14621   0.417411
14629.6   0.319557
14638.2   0.486097
14646.7   0.520979
14655.3   0.321386
14663.9   0.370455
14672.5   0.580312
14681.1   0.381913
14689.7   0.307435
14698.3   0.471773
14706.9   0.510076
14715.5   0.312464
14724.1   0.338338
14732.7   0.549527
14741.3   0.406543
14750   0.289705
14758.6   0.389638
14767.3   0.547696
14775.9   0.341599
14784.6   0.288141
14793.2   0.437226
14801.9   0.504841
14810.5   0.307302
14819.2   0.292102
14827.9   0.464159
14836.6   0.467912
14845.3   0.290001
14853.9   0.291857
14862.6   0.467242
14871.3   0.451996
14880.1   0.282678
14888.8   0.283179
14897.5   0.448287
14906.2   0.458454
14914.9   0.284583
14923.7   0.267589
14932.4   0.406774
14941.1   0.48175
14949.9   0.300834
14958.6   0.251745
14967.4   0.346582
14976.2   0.495878
14984.9   0.342629
14993.7   0.246316
15002.5   0.284506
15011.3   0.447945
15020.1   0.419511
15028.9   0.266868
15037.7   0.242332
15046.5   0.34033
15055.3   0.476165
15064.1   0.338473
15072.9   0.238013
15081.7   0.252593
15090.6   0.38143
15099.4   0.452517
15108.2   0.298358
15117.1   0.226631
15125.9   0.256375
15134.8   0.389446
15143.7   0.43587
15152.5   0.287823
15161.4   0.220696
15170.3   0.244985
15179.1   0.364056
15188   0.438857
15196.9   0.303907
15205.8   0.220889
15214.7   0.223059
15223.6   0.308399
15232.6   0.431242
15241.5   0.354933
15250.4   0.239794
15259.3   0.206181
15268.3   0.242608
15277.2   0.354549
15286.1   0.4202
15295.1   0.304943
15304   0.218179
15313   0.201334
15322   0.245593
15330.9   0.35485
15339.9   0.408588
15348.9   0.301201
15357.9   0.216483
15366.9   0.193718
15375.9   0.222893
15384.9   0.310217
15393.9   0.401172
15402.9   0.342209
15411.9   0.240869
15420.9   0.193016
15430   0.192058
15439   0.235794
15448   0.327405
15457.1   0.391735
15466.1   0.322158
15475.2   0.232198
15484.3   0.187987
15493.3   0.18291
15502.4   0.213579
15511.5   0.285005
15520.6   0.368408
15529.6   0.357737
15538.7   0.270755
15547.8   0.205357
15556.9   0.176958
15566   0.177919
15575.2   0.207193
15584.3   0.268705
15593.4   0.345324
15602.5   0.361501
15611.7   0.295404
15620.8   0.224954
15630   0.18339
15639.1   0.167593
15648.3   0.172762
15657.4   0.199058
15666.6   0.24919
15675.8   0.315234
15684.9   0.354037
15694.1   0.32387
15703.3   0.259664
15712.5   0.206693
15721.7   0.174934
15730.9   0.160931
15740.1   0.161346
15749.3   0.175397
15758.6   0.204313
15767.8   0.248729
15777   0.301151
15786.3   0.336641
15795.5   0.328561
15804.7   0.285269
15814   0.236071
15823.3   0.197341
15832.5   0.171625
15841.8   0.156922
15851.1   0.151078
15860.4   0.152812
15869.6   0.161714
15878.9   0.177992
15888.2   0.201985
15897.5   0.23319
15906.8   0.268531
15916.2   0.300653
15925.5   0.319193
15934.8   0.317205
15944.1   0.296967
15953.5   0.26732
15962.8   0.23668
15972.1   0.209702
15981.5   0.187888
15990.9   0.171119
16000.2   0.158713
16009.6   0.149909
16019   0.144042
16028.3   0.140584
16037.7   0.139122
16047.1   0.13934
16056.5   0.140982
16065.9   0.14384
16075.3   0.147726
16084.7   0.152464
16094.1   0.157878
16103.6   0.163789
16113   0.170009
16122.4   0.176347
16131.9   0.182612
16141.3   0.18862
16150.8   0.194201
16160.2   0.199206
16169.7   0.203511
16179.2   0.207017
16188.6   0.209655
16198.1   0.211374
16207.6   0.212148
16217.1   0.211963
16226.6   0.21082
16236.1   0.208732
16245.6   0.205727
16255.1   0.201843
16264.6   0.197141
16274.1   0.191703
16283.7   0.185632
16293.2   0.179059
16302.7   0.172133
16312.3   0.165022
16321.8   0.157906
16331.4   0.150964
16340.9   0.144375
16350.5   0.138306
16360.1   0.132917
16369.7   0.128355
16379.3   0.124765
16388.8   0.122296
16398.4   0.121114
16408   0.121419
16417.6   0.123462
16427.3   0.127574
16436.9   0.134188
16446.5   0.143851
16456.1   0.157205
16465.8   0.174833
16475.4   0.196843
16485.1   0.221922
16494.7   0.245922
16504.4   0.261304
16514   0.260358
16523.7   0.241744
16533.4   0.212408
16543   0.181602
16552.7   0.155263
16562.4   0.135477
16572.1   0.122277
16581.8   0.115159
16591.5   0.113849
16601.3   0.118663
16611   0.130694
16620.7   0.151767
16630.4   0.183303
16640.2   0.221671
16649.9   0.249799
16659.7   0.244083
16669.4   0.20761
16679.2   0.166255
16688.9   0.135359
16698.7   0.117035
16708.5   0.109669
16718.3   0.112451
16728.1   0.126613
16737.8   0.155345
16747.6   0.199456
16757.5   0.239994
16767.3   0.234473
16777.1   0.187575
16786.9   0.143099
16796.7   0.116696
16806.6   0.1066
16816.4   0.110861
16826.3   0.131518
16836.1   0.173263
16846   0.225817
16855.8   0.232561
16865.7   0.181017
16875.6   0.133179
16885.5   0.10888
16895.3   0.104394
16905.2   0.118909
16915.1   0.157968
16925   0.216642
16934.9   0.227358
16944.9   0.169536
16954.8   0.122181
16964.7   0.102963
16974.6   0.106682
16984.6   0.135994
16994.5   0.1957
17004.5   0.228909
17014.4   0.172896
17024.4   0.120255
17034.4   0.100609
17044.3   0.10786
17054.3   0.146699
17064.3   0.213486
17074.3   0.207631
17084.3   0.139134
17094.3   0.10342
17104.3   0.100929
17114.3   0.13137
17124.3   0.19985
17134.4   0.210835
17144.4   0.139009
17154.4   0.101339
17164.5   0.100932
17174.5   0.138747
17184.6   0.211526
17194.6   0.187842
17204.7   0.118859
17214.8   0.0958487
17224.9   0.111859
17234.9   0.175853
17245   0.212535
17255.1   0.136518
17265.2   0.0972589
17275.3   0.102845
17285.5   0.158079
17295.6   0.214989
17305.7   0.141303
17315.8   0.0968284
17326   0.101872
17336.1   0.16088
17346.3   0.209704
17356.4   0.129704
17366.6   0.0933773
17376.8   0.108936
17386.9   0.184066
17397.1   0.185837
17407.3   0.108529
17417.5   0.0926601
17427.7   0.133605
17437.9   0.209914
17448.1   0.137082
17458.3   0.0921805
17468.5   0.107946
17478.8   0.189561
17489   0.166081
17499.2   0.0974353
17509.5   0.0972383
17519.7   0.166739
17530   0.183419
17540.3   0.102186
17550.5   0.0932618
17560.8   0.156276
17571.1   0.187445
17581.4   0.102563
17591.7   0.0926337
17602   0.158703
17612.3   0.179975
17622.6   0.0978946
17632.9   0.0953916
17643.2   0.173823
17653.6   0.159513
17663.9   0.0908871
17674.2   0.104944
17684.6   0.195794
17694.9   0.128789
17705.3   0.0867121
17715.7   0.129333
17726   0.192396
17736.4   0.100325
17746.8   0.0928
17757.2   0.176532
17767.6   0.141991
17778   0.0859988
17788.4   0.123206
17798.8   0.190359
17809.2   0.0969514
17819.7   0.0951839
17830.1   0.187739
17840.5   0.12182
17851   0.0853935
17861.4   0.150966
17871.9   0.154604
17882.4   0.0852082
17892.8   0.121465
17903.3   0.181724
17913.8   0.0900396
17924.3   0.104401
17934.8   0.192752
17945.3   0.0967375
17955.8   0.0953999
17966.3   0.191597
17976.8   0.102615
17987.3   0.0910213
17997.9   0.18754
18008.4   0.105597
18018.9   0.089429
18029.5   0.185984
18040.1   0.104637
18050.6   0.0900143
18061.2   0.18776
18071.8   0.0999307
18082.3   0.0932348
18092.9   0.189497
18103.5   0.0928666
18114.1   0.100719
18124.7   0.18319
18135.3   0.0857177
18146   0.115599
18156.6   0.161318
18167.2   0.0812029
18177.9   0.142059
18188.5   0.12874
18199.1   0.08252
18209.8   0.176472
18220.5   0.099685
18231.1   0.0947017
18241.8   0.1811
18252.5   0.0828673
18263.2   0.127091
18273.9   0.135122
18284.6   0.0813561
18295.3   0.177474
18306   0.0937426
18316.7   0.102196
18327.4   0.162298
18338.2   0.0792907
18348.9   0.159063
18359.6   0.102149
18370.4   0.0945105
18381.1   0.169686
18391.9   0.0789867
18402.7   0.156449
18413.4   0.100378
18424.2   0.096898
18435   0.160289
18445.8   0.0784838
18456.6   0.170831
18467.4   0.0895627
18478.2   0.112249
18489   0.131567
18499.9   0.0825069
18510.7   0.179786
18521.5   0.0789521
18532.4   0.151643
18543.2   0.0957096
18554.1   0.104765
18565   0.134547
18575.8   0.0822271
18586.7   0.176044
18597.6   0.0774256
18608.5   0.166317
18619.4   0.0854364
18630.3   0.126102
18641.2   0.105915
18652.1   0.0969427
18663   0.137815
18673.9   0.0821368
18684.9   0.169144
18695.8   0.0768351
18706.8   0.177408
18717.7   0.0778842
18728.7   0.160053
18739.6   0.0836836
18750.6   0.135461
18761.6   0.0932491
18772.6   0.11518
18783.6   0.105543
18794.6   0.101084
18805.6   0.119123
18816.6   0.0918954
18827.6   0.132221
18838.6   0.0861046
18849.6   0.14323
18860.7   0.0825715
18871.7   0.151215
18882.8   0.080527
18893.8   0.156008
18904.9   0.0794896
18916   0.157856
18927   0.0792075
18938.1   0.156969
18949.2   0.0796301
18960.3   0.153279
18971.4   0.0809023
18982.5   0.146526
18993.6   0.0833801
19004.7   0.136627
19015.9   0.0876714
19027   0.124131
19038.1   0.0947095
19049.3   0.110371
19060.4   0.10582
19071.6   0.0971118
19082.8   0.122529
19093.9   0.0859836
19105.1   0.145067
19116.3   0.0781798
19127.5   0.167329
19138.7   0.0746206
19149.9   0.172054
19161.1   0.0764872
19172.3   0.148817
19183.6   0.0860552
19194.8   0.115021
19206   0.107556
19217.3   0.0893857
19228.5   0.14396
19239.8   0.0762588
19251.1   0.172684
19262.3   0.0753039
19273.6   0.147624
19284.9   0.0890725
19296.2   0.103432
19307.5   0.125274
19318.8   0.0788515
19330.1   0.17019
19341.4   0.0747985
19352.7   0.144752
19364.1   0.0929299
19375.4   0.0946425
19386.8   0.143099
19398.1   0.0745316
19409.5   0.166944
19420.8   0.0823007
19432.2   0.107782
19443.6   0.127412
19455   0.0760215
19466.3   0.170328
19477.7   0.0807623
19489.2   0.10804
19500.6   0.130469
19512   0.0748725
19523.4   0.164857
19534.8   0.0862154
19546.3   0.0951478
19557.7   0.152177
19569.2   0.0737349
19580.6   0.138372
19592.1   0.106278
19603.6   0.0789592
19615   0.170958
19626.5   0.0825581
19638   0.0967395
19649.5   0.155025
19661   0.0743581
19672.5   0.123067
19684   0.124884
19695.6   0.0740203
19707.1   0.148958
19718.6   0.104279
19730.2   0.0774021
19741.7   0.164914
19753.3   0.0930147
19764.9   0.0816943
19776.4   0.170455
19788   0.0876537
19799.6   0.08474
19811.2   0.171269
19822.8   0.0861035
19834.4   0.0852137
19846   0.171211
19857.6   0.0877189
19869.3   0.0829163
19880.9   0.169427
19892.5   0.0931784
19904.2   0.0788311
19915.8   0.160793
19927.5   0.104628
19939.2   0.0748967
19950.8   0.14068
19962.5   0.125574
19974.2   0.0737354
19985.9   0.113211
19997.6   0.156002
20009.3   0.0789841
20021   0.0891078
20032.7   0.170855
20044.5   0.0971065
20056.2   0.0755266
20068   0.13658
20079.7   0.137751
20091.5   0.0760274
20103.2   0.0937082
20115   0.171638
20126.8   0.0989478
20138.6   0.0746279
20150.3   0.123594
20162.1   0.156287
20174   0.082646
20185.8   0.0807365
20197.6   0.149663
20209.4   0.133983
20221.2   0.0771268
20233.1   0.0873147
20244.9   0.161927
20256.8   0.123819
20268.6   0.0758966
20280.5   0.0895059
20292.4   0.163051
20304.3   0.125885
20316.2   0.0769037
20328   0.0858639
20339.9   0.153656
20351.9   0.140567
20363.8   0.0815765
20375.7   0.0790036
20387.6   0.130102
20399.6   0.165372
20411.5   0.0955684
20423.5   0.0746007
20435.4   0.0996052
20447.4   0.168174
20459.4   0.130558
20471.3   0.0808817
20483.3   0.0784836
20495.3   0.120358
20507.3   0.173855
20519.3   0.114282
20531.3   0.0776882
20543.4   0.0813619
20555.4   0.126338
20567.4   0.173993
20579.5   0.116333
20591.5   0.0792234
20603.6   0.078967
20615.6   0.114043
20627.7   0.172605
20639.8   0.137755
20651.9   0.0883666
20664   0.0755174
20676.1   0.0914108
20688.2   0.141876
20700.3   0.17342
20712.4   0.119901
20724.5   0.083221
20736.7   0.0763505
20748.8   0.0941873
20760.9   0.142111
20773.1   0.175816
20785.3   0.129969
20797.4   0.0895109
20809.6   0.0763358
20821.8   0.0837823
20834   0.114532
20846.2   0.164767
20858.4   0.168217
20870.6   0.119932
20882.8   0.0875434
20895   0.0767937
20907.3   0.0825108
20919.5   0.106244
20931.8   0.149559
20944   0.178535
20956.3   0.148975
20968.6   0.107833
20980.8   0.0847646
20993.1   0.0772679
21005.4   0.0820307
21017.7   0.0998842
21030   0.133107
21042.3   0.171032
21054.6   0.175727
21067   0.14253
21079.3   0.108752
21091.7   0.0882567
21104   0.0791543
21116.4   0.0787646
21128.7   0.0863735
21141.1   0.102922
21153.5   0.129361
21165.9   0.161189
21178.2   0.181134
21190.6   0.172655
21203.1   0.145531
21215.5   0.118518
21227.9   0.0990068
21240.3   0.0869365
21252.8   0.080703
21265.2   0.0790623
21277.6   0.0813746
21290.1   0.0874833
21302.6   0.0975319
21315   0.111688
21327.5   0.129648
21340   0.149847
21352.5   0.168788
21365   0.18163
21377.5   0.184783
21390   0.178409
21402.6   0.165897
21415.1   0.151211
21427.6   0.137072
21440.2   0.124759
21452.7   0.11461
21465.3   0.106505
21477.9   0.100163
21490.4   0.0952732
21503   0.0915556
21515.6   0.0887717
21528.2   0.0867248
21540.8   0.0852546
21553.4   0.0842308
21566   0.083548
21578.7   0.083122
21591.3   0.0828872
21603.9   0.082795
21616.6   0.0828127
21629.2   0.0829232
21641.9   0.0831249
21654.6   0.0834318
21667.3   0.0838737
21679.9   0.0844971
21692.6   0.0853659
21705.3   0.0865635
21718   0.0881955
21730.8   0.0903932
21743.5   0.0933197
21756.2   0.0971759
21769   0.102208
21781.7   0.108709
21794.5   0.117013
21807.2   0.127445
21820   0.140204
21832.8   0.155091
21845.5   0.171019
21858.3   0.185434
21871.1   0.194266
21883.9   0.193495
21896.8   0.182059
21909.6   0.163128
21922.4   0.141879
21935.2   0.122446
21948.1   0.106872
21960.9   0.0956892
21973.8   0.0887981
21986.7   0.0860663
21999.5   0.0876653
22012.4   0.0942924
22025.3   0.107326
22038.2   0.128607
22051.1   0.158445
22064   0.189095
22076.9   0.199726
22089.8   0.178528
22102.8   0.143586
22115.7   0.114501
22128.7   0.0964864
22141.6   0.0885788
22154.6   0.0898807
22167.6   0.101471
22180.5   0.126685
22193.5   0.16691
22206.5   0.201785
22219.5   0.188927
22232.5   0.144516
22245.6   0.109706
22258.6   0.0926007
22271.6   0.0904622
22284.7   0.103529
22297.7   0.136837
22310.8   0.187932
22323.8   0.203562
22336.9   0.156169
22350   0.112369
22363.1   0.0929957
22376.1   0.0940288
22389.2   0.117168
22402.4   0.168951
22415.5   0.210109
22428.6   0.166193
22441.7   0.114341
22454.9   0.0934968
22468   0.0986325
22481.2   0.133918
22494.3   0.198506
22507.5   0.195024
22520.7   0.129596
22533.9   0.0971206
22547.1   0.097838
22560.3   0.133853
22573.5   0.204088
22586.7   0.187883
22599.9   0.120098
22613.1   0.0953033
22626.4   0.1085
22639.6   0.168524
22652.9   0.215497
22666.2   0.142814
22679.4   0.0997785
22692.7   0.103179
22706   0.157233
22719.3   0.220043
22732.6   0.146706
22745.9   0.100413
22759.2   0.107057
22772.5   0.172683
22785.9   0.21455
22799.2   0.129365
22812.6   0.0984085
22825.9   0.125387
22839.3   0.213865
22852.7   0.173512
22866   0.106247
22879.4   0.107865
22892.8   0.181659
22906.2   0.207264
22919.6   0.117854
22933.1   0.103315
22946.5   0.164495
22959.9   0.220664
22973.4   0.124181
22986.8   0.103555
23000.3   0.165327
23013.7   0.220263
23027.2   0.121198
23040.7   0.106976
23054.2   0.184503
23067.7   0.202882
23081.2   0.111857
23094.7   0.118014
23108.2   0.221321
23121.8   0.164007
23135.3   0.105053
23148.8   0.149719
23162.4   0.233029
23175.9   0.123656
23189.5   0.114381
23203.1   0.218406
23216.7   0.167054
23230.3   0.106934
23243.9   0.167132
23257.5   0.2183
23271.1   0.113901
23284.7   0.135697
23298.4   0.244317
23312   0.128245
23325.7   0.121199
23339.3   0.24089
23353   0.144048
23366.6   0.115625
23380.3   0.230184
23394   0.155782
23407.7   0.114399
23421.4   0.225947
23435.1   0.159745
23448.9   0.115557
23462.6   0.231768
23476.3   0.154913
23490.1   0.119263
23503.8   0.245905
23517.6   0.143111
23531.4   0.127939
23545.1   0.257537
23558.9   0.128905
23572.7   0.147063
23586.5   0.243012
23600.3   0.118484
23614.1   0.186105
23628   0.195191
23641.8   0.11881
23655.6   0.245937
23669.5   0.146162
23683.3   0.140644
23697.2   0.254507
23711.1   0.121203
23725   0.204456
23738.9   0.17732
23752.8   0.129546
23766.7   0.269748
23780.6   0.127014
23794.5   0.194799
23808.4   0.185886
23822.4   0.131911
23836.3   0.27239
23850.3   0.12635
23864.3   0.21911
23878.2   0.166278
23892.2   0.148693
23906.2   0.248226
23920.2   0.126132
23934.2   0.272929
23948.2   0.13669
23962.2   0.204548
23976.3   0.177765
23990.3   0.152464
24004.3   0.2442
24018.4   0.13165
24032.5   0.286807
24046.5   0.131406
24060.6   0.260204
24074.7   0.146448
24088.8   0.20978
24102.9   0.174776
24117   0.172598
24131.1   0.213125
24145.3   0.151197
24159.4   0.253279
24173.5   0.140568
24187.7   0.283841
24201.9   0.13658
24216   0.29863
24230.2   0.136462
24244.4   0.300776
24258.6   0.138281
24272.8   0.297508
24287   0.14064
24301.2   0.294586
24315.5   0.14259
24329.7   0.294992
24343.9   0.14365
24358.2   0.299548
24372.4   0.143845
24386.7   0.307205
24401   0.143729
24415.3   0.314478
24429.6   0.144382
24443.9   0.31479
24458.2   0.147438
24472.5   0.300413
24486.8   0.155258
24501.2   0.269014
24515.5   0.171372
24529.9   0.228355
24544.2   0.201059
24558.6   0.190653
24573   0.249965
24587.4   0.164266
24601.8   0.310193
24616.2   0.152972
24630.6   0.329284
24645   0.160401
24659.4   0.271019
24673.9   0.195307
24688.3   0.200801
24702.8   0.270545
24717.2   0.163228
24731.7   0.341628
24746.2   0.162389
24760.7   0.281493
24775.2   0.207686
24789.7   0.193467
24804.2   0.312595
24818.7   0.162461
24833.3   0.328316
24847.8   0.191746
24862.3   0.213845
24876.9   0.302858
24891.5   0.16662
24906   0.333977
24920.6   0.201726
24935.2   0.206076
24949.8   0.336233
24964.4   0.170947
24979   0.295552
24993.7   0.246898
25008.3   0.182178
25022.9   0.367857
25037.6   0.197172
25052.3   0.219526
25066.9   0.352484
25081.6   0.180276
25096.3   0.270146
25111   0.305634
25125.7   0.179369
25140.4   0.316562
25155.1   0.27303
25169.8   0.184531
25184.6   0.346436
25199.3   0.259053
25214.1   0.189693
25228.8   0.358741
25243.6   0.260672
25258.4   0.191933
25273.2   0.354867
25288   0.277844
25302.8   0.191845
25317.6   0.332216
25332.4   0.314341
25347.3   0.193729
25362.1   0.291
25376.9   0.371112
25391.8   0.205913
25406.7   0.243849
25421.5   0.415407
25436.4   0.243089
25451.3   0.21
25466.2   0.370554
25481.1   0.3281
25496.1   0.205804
25511   0.27095
25525.9   0.426878
25540.9   0.254316
25555.8   0.213667
25570.8   0.348866
25585.8   0.388699
25600.7   0.229011
25615.7   0.234462
25630.7   0.400404
25645.7   0.3597
25660.7   0.225496
25675.8   0.248132
25690.8   0.417017
25705.8   0.36558
25720.9   0.232646
25736   0.246016
25751   0.401196
25766.1   0.408017
25781.2   0.254391
25796.3   0.234551
25811.4   0.346106
25826.5   0.466051
25841.6   0.312241
25856.7   0.234468
25871.9   0.275242
25887   0.431212
25902.2   0.434449
25917.4   0.283362
25932.5   0.24032
25947.7   0.30194
25962.9   0.457724
25978.1   0.439507
25993.3   0.295048
26008.5   0.247282
26023.8   0.291566
26039   0.429892
26054.2   0.492419
26069.5   0.354393
26084.8   0.266693
26100   0.263809
26115.3   0.341214
26130.6   0.482346
26145.9   0.488941
26161.2   0.355608
26176.5   0.277308
26191.9   0.270129
26207.2   0.328539
26222.5   0.451944
26237.9   0.53302
26253.3   0.443952
26268.6   0.33308
26284   0.281826
26299.4   0.284603
26314.8   0.338931
26330.2   0.445097
26345.6   0.544633
26361   0.518004
26376.5   0.411489
26391.9   0.330481
26407.4   0.294594
26422.8   0.297181
26438.3   0.335965
26453.8   0.412197
26469.3   0.511562
26484.8   0.574835
26500.3   0.545336
26515.8   0.46106
26531.3   0.384215
26546.9   0.335439
26562.4   0.313385
26577.9   0.313878
26593.5   0.334816
26609.1   0.375826
26624.7   0.435715
26640.3   0.507567
26655.8   0.573595
26671.5   0.609133
26687.1   0.60114
26702.7   0.559846
26718.3   0.506205
26734   0.455709
26749.6   0.414936
26765.3   0.384985
26781   0.364777
26796.6   0.352715
26812.3   0.3473
26828   0.347271
26843.7   0.351576
26859.5   0.359317
26875.2   0.369685
26890.9   0.381923
26906.7   0.395308
26922.4   0.409148
26938.2   0.422796
26953.9   0.435669
26969.7   0.447264
26985.5   0.457172
27001.3   0.46508
27017.1   0.470774
27032.9   0.47413
27048.8   0.475111
27064.6   0.473772
27080.5   0.470255
27096.3   0.464801
27112.2   0.457753
27128.1   0.449561
27143.9   0.440775
27159.8   0.432042
27175.7   0.424088
27191.6   0.417713
27207.6   0.41379
27223.5   0.413274
27239.4   0.417243
27255.4   0.426934
27271.3   0.443793
27287.3   0.469467
27303.3   0.505626
27319.3   0.553337
27335.3   0.61153
27351.3   0.674173
27367.3   0.727341
27383.3   0.751222
27399.3   0.732261
27415.4   0.676387
27431.4   0.605141
27447.5   0.539663
27463.6   0.492095
27479.6   0.467412
27495.7   0.468024
27511.8   0.496836
27527.9   0.557397
27544.1   0.648056
27560.2   0.744806
27576.3   0.78911
27592.5   0.740437
27608.6   0.639856
27624.8   0.551479
27641   0.504283
27657.1   0.504979
27673.3   0.557585
27689.5   0.66233
27705.8   0.781188
27722   0.808591
27738.2   0.710236
27754.5   0.593302
27770.7   0.531832
27787   0.541397
27803.2   0.626306
27819.5   0.765654
27835.8   0.835882
27852.1   0.738105
27868.4   0.607417
27884.7   0.552416
27901   0.592685
27917.4   0.724626
27933.7   0.849875
27950.1   0.784088
27966.4   0.637004
27982.8   0.575164
27999.2   0.630867
28015.6   0.786117
28032   0.864733
28048.4   0.729726
28064.8   0.609308
28081.3   0.619552
28097.7   0.761086
28114.2   0.881161
28130.6   0.760402
28147.1   0.629257
28163.6   0.645879
28180.1   0.803889
28196.6   0.883536
28213.1   0.726639
28229.6   0.635527
28246.1   0.719219
28262.7   0.888077
28279.2   0.81757
28295.8   0.667778
28312.3   0.691467
28328.9   0.865019
28345.5   0.862447
28362.1   0.696983
28378.7   0.69754
28395.3   0.868005
28411.9   0.869233
28428.6   0.706416
28445.2   0.725717
28461.9   0.898464
28478.5   0.842219
28495.2   0.705042
28511.9   0.784388
28528.6   0.924344
28545.3   0.784155
28562   0.724946
28578.7   0.878586
28595.5   0.881085
28612.2   0.735817
28629   0.810297
28645.7   0.927988
28662.5   0.78068
28679.3   0.773958
28696.1   0.92665
28712.9   0.8273
28729.7   0.76555
28746.5   0.91183
28763.3   0.858926
28780.2   0.771065
28797   0.90402
28813.9   0.872831
28830.8   0.781442
28847.6   0.907833
28864.5   0.871596
28881.4   0.794585
28898.3   0.920183
28915.3   0.858111
28932.2   0.814151
28949.1   0.932018
28966.1   0.837524
28983   0.846299
29000   0.928009
