2000 
    Freq MDM_151
9000   0.0173669
9005.27   0.0202802
9010.54   0.0369841
9015.82   0.0175512
9021.1   0.020453
9026.38   0.0376142
9031.66   0.0179639
9036.95   0.0202408
9042.24   0.0384919
9047.54   0.0186606
9052.83   0.0197058
9058.13   0.0392666
9063.44   0.0197616
9068.74   0.0189698
9074.05   0.0393025
9079.37   0.0214695
9084.68   0.0182019
9090   0.0378499
9095.32   0.0240925
9100.65   0.0176033
9105.98   0.0345735
9111.31   0.0280285
9116.64   0.0174037
9121.98   0.0300277
9127.32   0.033513
9132.67   0.0178883
9138.01   0.0253654
9143.36   0.0395758
9148.72   0.0194756
9154.07   0.0215759
9159.43   0.0423917
9164.8   0.0228617
9170.16   0.0191652
9175.53   0.0381766
9180.9   0.0290929
9186.28   0.0183863
9191.66   0.0300567
9197.04   0.0383327
9202.42   0.0196511
9207.81   0.0233428
9213.2   0.0442784
9218.6   0.0240024
9224   0.0197539
9229.4   0.0377851
9234.8   0.0332259
9240.21   0.0193555
9245.62   0.0272617
9251.03   0.0445842
9256.45   0.0228566
9261.87   0.0211222
9267.29   0.0412565
9272.72   0.0326016
9278.15   0.0198832
9283.58   0.0283826
9289.01   0.0461051
9294.45   0.0240412
9299.89   0.0213316
9305.34   0.0401916
9310.79   0.0366593
9316.24   0.0209283
9321.69   0.0262276
9327.15   0.0483501
9332.61   0.0283187
9338.08   0.0209327
9343.54   0.0340087
9349.01   0.0458067
9354.49   0.0240424
9359.96   0.0228463
9365.45   0.0426793
9370.93   0.0391652
9376.42   0.022319
9381.91   0.0259426
9387.4   0.0490184
9392.89   0.033992
9398.39   0.0219702
9403.9   0.0294939
9409.4   0.0517557
9414.91   0.0309983
9420.42   0.0222853
9425.94   0.0327045
9431.46   0.0523998
9436.98   0.0296699
9442.51   0.0228128
9448.04   0.0348907
9453.57   0.0528267
9459.1   0.0295906
9464.64   0.0232876
9470.18   0.0356413
9475.73   0.0539397
9481.28   0.030645
9486.83   0.0236386
9492.38   0.0348525
9497.94   0.0555678
9503.5   0.0330466
9509.06   0.02401
9514.63   0.0327564
9520.2   0.0563194
9525.78   0.0373739
9531.35   0.0247825
9536.93   0.0299561
9542.52   0.0537881
9548.11   0.0444531
9553.7   0.0266352
9559.29   0.0273261
9564.89   0.0468088
9570.49   0.0540479
9576.09   0.0307497
9581.7   0.0258199
9587.31   0.0378447
9592.92   0.0602483
9598.54   0.0391692
9604.16   0.0265098
9609.78   0.0306066
9615.41   0.0532008
9621.04   0.0534741
9626.67   0.0311863
9632.31   0.027067
9637.95   0.0391919
9643.59   0.0626565
9649.24   0.043427
9654.88   0.0284131
9660.54   0.02995
9666.19   0.0488931
9671.85   0.062329
9677.52   0.0378319
9683.18   0.028066
9688.85   0.0334814
9694.52   0.0564467
9700.2   0.0595583
9705.88   0.0357008
9711.56   0.0286403
9717.25   0.0361764
9722.94   0.0605278
9728.63   0.0590757
9734.33   0.0358629
9740.03   0.0293825
9745.73   0.0370453
9751.44   0.0612588
9757.15   0.0620695
9762.86   0.0381042
9768.57   0.0301831
9774.29   0.0359708
9780.02   0.0581867
9785.74   0.0680658
9791.47   0.0432738
9797.21   0.0316538
9802.94   0.0338195
9808.68   0.0510193
9814.42   0.0728043
9820.17   0.0533945
9825.92   0.0353451
9831.67   0.0322444
9837.43   0.0420594
9843.19   0.0668257
9848.95   0.0691769
9854.72   0.0444702
9860.49   0.0335275
9866.26   0.0353044
9872.04   0.0507438
9877.82   0.0753926
9883.6   0.0639022
9889.39   0.0416333
9895.18   0.0339768
9900.97   0.038018
9906.77   0.0558334
9912.57   0.0788628
9918.38   0.0641275
9924.18   0.0425923
9929.99   0.0351165
9935.81   0.0387754
9941.62   0.0553829
9947.44   0.0798881
9953.27   0.0708688
9959.1   0.0474122
9964.93   0.0371097
9970.76   0.037846
9976.6   0.0498411
9982.44   0.0744192
9988.29   0.082564
9994.13   0.0589599
9999.99   0.0422142
10005.8   0.0375385
10011.7   0.0426396
10017.6   0.0596329
10023.4   0.0842293
10029.3   0.0804603
10035.2   0.0562832
10041   0.0423104
10046.9   0.0391054
10052.8   0.0450366
10058.7   0.0622718
10064.6   0.0867341
10070.5   0.085657
10076.4   0.0618274
10082.3   0.0459704
10088.2   0.0407088
10094.1   0.0439079
10100   0.0567034
10105.9   0.0800792
10111.8   0.0950928
10117.7   0.0782693
10123.7   0.0565479
10129.6   0.0451668
10135.5   0.0426107
10141.5   0.0477352
10147.4   0.0621012
10153.3   0.0855964
10159.3   0.0993698
10165.2   0.0835311
10171.2   0.0616913
10177.1   0.048971
10183.1   0.0446696
10189.1   0.0472809
10195   0.0574739
10201   0.0768466
10207   0.0992979
10212.9   0.101469
10218.9   0.0811886
10224.9   0.0617421
10230.9   0.0508208
10236.9   0.0471198
10242.9   0.0494702
10248.9   0.0583445
10254.9   0.0751619
10260.9   0.0976431
10266.9   0.110082
10272.9   0.0984024
10278.9   0.0772708
10284.9   0.0613751
10290.9   0.0527568
10297   0.0500261
10303   0.0524
10309   0.0602379
10315.1   0.0746294
10321.1   0.0951221
10327.2   0.113589
10333.2   0.114767
10339.3   0.0983636
10345.3   0.0791097
10351.4   0.0651041
10357.4   0.0570246
10363.5   0.0538013
10369.6   0.0547325
10375.6   0.0598197
10381.7   0.069658
10387.8   0.0848763
10393.9   0.104238
10399.9   0.121173
10406   0.125095
10412.1   0.113684
10418.2   0.0960119
10424.3   0.080264
10430.4   0.0690462
10436.5   0.0621657
10442.6   0.0588915
10448.8   0.0587084
10454.9   0.0614517
10461   0.0672775
10467.1   0.0765527
10473.3   0.0895589
10479.4   0.105764
10485.5   0.122585
10491.7   0.134794
10497.8   0.137156
10503.9   0.129209
10510.1   0.115502
10516.3   0.101087
10522.4   0.0887466
10528.6   0.0792907
10534.7   0.0726006
10540.9   0.0683004
10547.1   0.0660346
10553.3   0.0655493
10559.4   0.0667007
10565.6   0.0694401
10571.8   0.0737922
10578   0.0798247
10584.2   0.0876046
10590.4   0.0971265
10596.6   0.108207
10602.8   0.120352
10609   0.132648
10615.2   0.143778
10621.4   0.152269
10627.6   0.156957
10633.9   0.157419
10640.1   0.154099
10646.3   0.148034
10652.5   0.140423
10658.8   0.132295
10665   0.124369
10671.3   0.117071
10677.5   0.1106
10683.8   0.105012
10690   0.100282
10696.3   0.0963429
10702.5   0.0931125
10708.8   0.0905055
10715.1   0.0884407
10721.4   0.0868444
10727.6   0.0856505
10733.9   0.0848007
10740.2   0.0842434
10746.5   0.0839334
10752.8   0.0838306
10759.1   0.0838999
10765.4   0.0841103
10771.7   0.0844345
10778   0.0848492
10784.3   0.0853342
10790.6   0.085873
10796.9   0.0864524
10803.3   0.0870627
10809.6   0.0876979
10815.9   0.0883556
10822.2   0.0890373
10828.6   0.0897484
10834.9   0.0904985
10841.3   0.0913015
10847.6   0.0921758
10854   0.0931446
10860.3   0.0942361
10866.7   0.0954841
10873   0.0969287
10879.4   0.0986162
10885.8   0.100601
10892.1   0.102946
10898.5   0.105725
10904.9   0.109021
10911.3   0.112932
10917.7   0.117568
10924.1   0.123053
10930.5   0.129523
10936.9   0.137115
10943.3   0.145959
10949.7   0.15614
10956.1   0.167655
10962.5   0.18033
10968.9   0.193714
10975.3   0.206965
10981.8   0.218783
10988.2   0.227518
10994.6   0.231519
11001.1   0.229711
11007.5   0.222091
11014   0.209806
11020.4   0.194729
11026.9   0.178814
11033.3   0.163635
11039.8   0.150212
11046.2   0.139092
11052.7   0.130502
11059.2   0.124514
11065.6   0.121161
11072.1   0.120531
11078.6   0.122822
11085.1   0.128391
11091.6   0.137789
11098.1   0.15173
11104.6   0.170924
11111.1   0.195529
11117.6   0.223912
11124.1   0.250881
11130.6   0.267468
11137.1   0.265812
11143.6   0.246479
11150.2   0.218136
11156.7   0.18996
11163.2   0.167035
11169.8   0.15092
11176.3   0.141612
11182.9   0.138869
11189.4   0.142837
11195.9   0.154306
11202.5   0.174691
11209.1   0.205302
11215.6   0.244603
11222.2   0.282513
11228.8   0.298935
11235.3   0.281721
11241.9   0.243644
11248.5   0.205276
11255.1   0.176946
11261.7   0.160498
11268.3   0.155319
11274.9   0.161334
11281.5   0.179914
11288.1   0.213439
11294.7   0.261458
11301.3   0.309609
11307.9   0.324542
11314.5   0.292195
11321.2   0.241822
11327.8   0.201215
11334.4   0.177844
11341.1   0.171106
11347.7   0.180733
11354.3   0.208986
11361   0.258488
11367.6   0.319598
11374.3   0.350632
11381   0.318188
11387.6   0.25841
11394.3   0.212381
11401   0.189595
11407.6   0.188895
11414.3   0.211087
11421   0.260023
11427.7   0.33015
11434.4   0.374277
11441.1   0.340142
11447.8   0.271488
11454.5   0.222221
11461.2   0.202503
11467.9   0.210948
11474.6   0.250282
11481.3   0.322256
11488   0.390962
11494.8   0.37567
11501.5   0.299693
11508.2   0.240694
11515   0.217846
11521.7   0.229926
11528.5   0.280457
11535.2   0.366101
11542   0.419845
11548.7   0.36583
11555.5   0.283749
11562.2   0.239245
11569   0.23736
11575.8   0.279338
11582.6   0.366724
11589.3   0.440186
11596.1   0.393894
11602.9   0.303195
11609.7   0.254404
11616.5   0.255717
11623.3   0.309143
11630.1   0.409777
11636.9   0.460874
11643.7   0.380527
11650.6   0.294635
11657.4   0.264964
11664.2   0.293203
11671   0.382722
11677.9   0.478517
11684.7   0.434525
11691.5   0.3311
11698.4   0.282976
11705.2   0.300845
11712.1   0.387735
11719   0.494815
11725.8   0.457282
11732.7   0.347608
11739.6   0.298715
11746.4   0.324271
11753.3   0.425599
11760.2   0.521646
11767.1   0.448302
11774   0.343503
11780.9   0.315625
11787.8   0.371535
11794.7   0.496729
11801.6   0.526312
11808.5   0.407605
11815.4   0.335505
11822.3   0.35436
11829.2   0.463705
11836.1   0.558959
11843.1   0.465179
11850   0.364063
11857   0.358641
11863.9   0.453498
11870.8   0.572638
11877.8   0.501845
11884.7   0.38796
11891.7   0.373302
11898.7   0.466834
11905.6   0.58907
11912.6   0.515201
11919.6   0.401543
11926.6   0.395239
11933.5   0.502823
11940.5   0.608117
11947.5   0.505883
11954.5   0.407876
11961.5   0.429765
11968.5   0.561321
11975.5   0.609947
11982.5   0.478918
11989.5   0.419087
11996.6   0.48978
12003.6   0.62587
12010.6   0.571399
12017.7   0.452135
12024.7   0.456291
12031.7   0.583837
12038.8   0.637841
12045.8   0.50765
12052.9   0.455817
12059.9   0.544643
12067   0.660684
12074.1   0.565241
12081.1   0.473888
12088.2   0.525615
12095.3   0.659587
12102.4   0.610603
12109.4   0.498522
12116.5   0.523611
12123.6   0.656368
12130.7   0.639765
12137.8   0.521574
12144.9   0.532935
12152.1   0.660632
12159.2   0.655102
12166.3   0.539097
12173.4   0.550125
12180.5   0.673672
12187.7   0.659235
12194.8   0.551047
12201.9   0.574569
12209.1   0.692181
12216.2   0.653106
12223.4   0.56073
12230.5   0.607548
12237.7   0.708586
12244.9   0.638237
12252   0.574256
12259.2   0.64934
12266.4   0.711701
12273.6   0.620307
12280.8   0.599327
12288   0.693215
12295.1   0.693746
12302.3   0.610422
12309.5   0.64124
12316.8   0.719878
12324   0.662178
12331.2   0.62183
12338.4   0.692567
12345.6   0.709926
12352.9   0.640262
12360.1   0.660959
12367.3   0.722585
12374.6   0.676156
12381.8   0.650798
12389.1   0.709182
12396.3   0.706327
12403.6   0.660079
12410.8   0.693099
12418.1   0.72003
12425.4   0.67745
12432.6   0.685728
12439.9   0.721473
12447.2   0.692913
12454.5   0.686735
12461.8   0.719457
12469.1   0.702247
12476.4   0.691488
12483.7   0.719355
12491   0.706251
12498.3   0.6958
12505.6   0.722343
12513   0.707476
12520.3   0.697606
12527.6   0.727491
12534.9   0.707807
12542.3   0.696714
12549.6   0.73356
12557   0.707807
12564.3   0.693886
12571.7   0.73982
12579   0.707016
12586.4   0.690129
12593.8   0.746136
12601.2   0.70443
12608.5   0.686479
12615.9   0.752624
12623.3   0.698883
12630.7   0.684127
12638.1   0.759097
12645.5   0.689423
12652.9   0.684655
12660.3   0.764365
12667.7   0.67581
12675.1   0.690161
12682.5   0.765513
12690   0.659201
12697.4   0.702994
12704.8   0.757721
12712.3   0.642791
12719.7   0.724611
12727.2   0.735879
12734.6   0.632061
12742.1   0.752681
12749.5   0.698756
12757   0.634355
12764.5   0.776149
12771.9   0.653245
12779.4   0.657405
12786.9   0.773439
12794.4   0.61393
12801.9   0.704629
12809.4   0.727726
12816.9   0.598124
12824.4   0.761169
12831.9   0.653387
12839.4   0.621513
12846.9   0.776841
12854.4   0.590407
12862   0.690607
12869.5   0.709202
12877   0.574312
12884.6   0.768078
12892.1   0.607345
12899.7   0.62682
12907.2   0.746267
12914.8   0.552192
12922.3   0.734118
12929.9   0.622869
12937.5   0.585922
12945   0.757753
12952.6   0.537388
12960.2   0.708553
12967.8   0.620611
12975.4   0.564135
12983   0.751991
12990.6   0.519772
12998.2   0.705134
13005.8   0.593687
13013.4   0.560745
13021   0.727835
13028.7   0.500282
13036.3   0.724597
13043.9   0.544466
13051.6   0.584363
13059.2   0.668347
13066.9   0.492231
13074.5   0.742727
13082.2   0.489791
13089.8   0.647932
13097.5   0.569052
13105.2   0.521683
13112.8   0.689456
13120.5   0.462095
13128.2   0.722038
13135.9   0.473299
13143.6   0.619563
13151.3   0.546897
13159   0.505593
13166.7   0.655123
13174.4   0.444574
13182.1   0.711491
13189.8   0.437183
13197.5   0.652222
13205.3   0.47625
13213   0.544503
13220.7   0.553521
13228.5   0.460807
13236.2   0.642409
13244   0.416547
13251.7   0.687732
13259.5   0.406391
13267.2   0.654536
13275   0.424259
13282.8   0.57432
13290.5   0.465543
13298.3   0.494268
13306.1   0.523812
13313.9   0.434595
13321.7   0.586528
13329.5   0.396588
13337.3   0.634848
13345.1   0.376075
13352.9   0.652556
13360.7   0.36869
13368.6   0.637448
13376.4   0.370896
13384.2   0.600755
13392.1   0.37982
13399.9   0.556531
13407.8   0.392961
13415.6   0.514253
13423.5   0.408023
13431.3   0.478131
13439.2   0.422909
13447.1   0.449112
13454.9   0.435818
13462.8   0.426705
13470.7   0.44536
13478.6   0.410007
13486.5   0.450588
13494.4   0.39818
13502.3   0.450966
13510.2   0.390636
13518.1   0.446273
13526   0.387103
13533.9   0.43654
13541.8   0.387635
13549.8   0.422047
13557.7   0.392614
13565.6   0.403389
13573.6   0.402706
13581.5   0.381559
13589.5   0.418759
13597.4   0.357973
13605.4   0.441484
13613.4   0.334394
13621.3   0.470681
13629.3   0.312763
13637.3   0.503569
13645.3   0.295041
13653.3   0.532247
13661.3   0.283165
13669.3   0.542618
13677.3   0.279192
13685.3   0.520719
13693.3   0.28566
13701.3   0.466438
13709.3   0.306072
13717.3   0.397196
13725.4   0.34496
13733.4   0.333553
13741.5   0.405136
13749.5   0.287114
13757.5   0.475244
13765.6   0.261505
13773.7   0.50942
13781.7   0.258227
13789.8   0.461654
13797.9   0.281211
13805.9   0.368089
13814   0.338242
13822.1   0.290671
13830.2   0.428148
13838.3   0.249476
13846.4   0.487449
13854.5   0.244788
13862.6   0.424165
13870.7   0.280996
13878.9   0.314705
13887   0.368519
13895.1   0.247703
13903.3   0.464691
13911.4   0.232069
13919.5   0.41757
13927.7   0.269377
13935.9   0.2958
13944   0.371833
13952.2   0.230575
13960.3   0.455722
13968.5   0.229655
13976.7   0.352498
13984.9   0.299677
13993.1   0.243882
14001.3   0.42716
14009.5   0.215257
14017.7   0.385223
14025.9   0.265005
14034.1   0.25212
14042.3   0.398683
14050.5   0.208234
14058.7   0.386673
14067   0.254092
14075.2   0.24493
14083.5   0.394364
14091.7   0.2027
14100   0.360114
14108.2   0.263372
14116.5   0.223403
14124.7   0.407966
14133   0.20225
14141.3   0.305055
14149.6   0.30074
14157.8   0.199001
14166.1   0.396711
14174.4   0.219949
14182.7   0.23736
14191   0.370245
14199.3   0.189556
14207.7   0.309126
14216   0.281878
14224.3   0.190136
14232.6   0.376392
14241   0.220971
14249.3   0.211593
14257.6   0.380506
14266   0.190331
14274.3   0.247683
14282.7   0.333037
14291.1   0.177908
14299.4   0.289636
14307.8   0.281625
14316.2   0.175497
14324.6   0.325628
14332.9   0.244333
14341.3   0.177904
14349.7   0.347408
14358.1   0.220577
14366.5   0.181437
14375   0.355368
14383.4   0.206525
14391.8   0.183423
14400.2   0.354997
14408.6   0.199355
14417.1   0.182257
14425.5   0.350739
14434   0.197774
14442.4   0.177541
14450.9   0.343072
14459.3   0.201929
14467.8   0.170093
14476.3   0.328465
14484.8   0.213362
14493.2   0.161778
14501.7   0.301929
14510.2   0.234877
14518.7   0.155249
14527.2   0.262694
14535.7   0.268998
14544.2   0.153831
14552.7   0.218145
14561.3   0.309999
14569.8   0.162008
14578.3   0.179331
14586.8   0.326236
14595.4   0.186854
14603.9   0.153941
14612.5   0.281423
14621   0.238104
14629.6   0.146093
14638.2   0.208904
14646.7   0.304651
14655.3   0.161811
14663.9   0.158466
14672.5   0.294826
14681.1   0.215201
14689.7   0.141201
14698.3   0.205815
14706.9   0.298368
14715.5   0.161182
14724.1   0.14825
14732.7   0.266482
14741.3   0.237262
14750   0.140315
14758.6   0.169461
14767.3   0.298455
14775.9   0.190933
14784.6   0.13465
14793.2   0.194182
14801.9   0.292899
14810.5   0.166224
14819.2   0.134448
14827.9   0.212182
14836.6   0.2773
14845.3   0.15473
14853.9   0.134276
14862.6   0.217392
14871.3   0.269384
14880.1   0.151564
14888.8   0.131714
14897.5   0.208467
14906.2   0.27236
14914.9   0.156025
14923.7   0.127296
14932.4   0.187077
14941.1   0.279054
14949.9   0.171314
14958.6   0.124267
14967.4   0.158919
14976.2   0.267592
14984.9   0.204172
14993.7   0.128427
15002.5   0.133492
15011.3   0.219087
15020.1   0.253522
15028.9   0.149774
15037.7   0.120117
15046.5   0.159248
15055.3   0.259814
15064.1   0.204787
15072.9   0.128373
15081.7   0.122763
15090.6   0.182922
15099.4   0.263367
15108.2   0.178192
15117.1   0.120711
15125.9   0.124691
15134.8   0.190516
15143.7   0.258091
15152.5   0.172568
15161.4   0.118853
15170.3   0.120925
15179.1   0.178266
15188   0.254833
15196.9   0.186114
15205.8   0.122972
15214.7   0.113514
15223.6   0.150705
15232.6   0.234198
15241.5   0.221131
15250.4   0.141041
15259.3   0.110575
15268.3   0.121518
15277.2   0.178339
15286.1   0.246002
15295.1   0.19052
15304   0.126565
15313   0.10756
15322   0.123893
15330.9   0.181705
15339.9   0.241894
15348.9   0.189775
15357.9   0.127866
15366.9   0.105968
15375.9   0.114966
15384.9   0.158172
15393.9   0.226325
15402.9   0.216833
15411.9   0.148907
15420.9   0.111214
15430   0.10377
15439   0.121961
15448   0.171167
15457.1   0.229035
15466.1   0.206369
15475.2   0.144816
15484.3   0.110133
15493.3   0.101066
15502.4   0.112936
15511.5   0.149241
15520.6   0.20632
15529.6   0.224764
15538.7   0.174832
15547.8   0.127025
15556.9   0.103585
15566   0.0991298
15575.2   0.111237
15584.3   0.142795
15593.4   0.19251
15602.5   0.223275
15611.7   0.193078
15620.8   0.144424
15630   0.112606
15639.1   0.0982957
15648.3   0.0973353
15657.4   0.108782
15666.6   0.13467
15675.8   0.17523
15684.9   0.212734
15694.1   0.210154
15703.3   0.171772
15712.5   0.133584
15721.7   0.108994
15730.9   0.0966303
15740.1   0.0936985
15749.3   0.0990549
15758.6   0.113206
15767.8   0.137425
15777   0.170623
15786.3   0.20216
15795.5   0.211122
15804.7   0.190615
15814   0.158129
15823.3   0.129731
15832.5   0.109903
15841.8   0.0977961
15851.1   0.0917762
15860.4   0.0907104
15869.6   0.094098
15878.9   0.101947
15888.2   0.114574
15897.5   0.132212
15906.8   0.154201
15916.2   0.17767
15925.5   0.196723
15934.8   0.204545
15944.1   0.198488
15953.5   0.182254
15962.8   0.162171
15972.1   0.142954
15981.5   0.126725
15990.9   0.113912
16000.2   0.104208
16009.6   0.0971089
16019   0.0921274
16028.3   0.0888614
16037.7   0.0869968
16047.1   0.0862915
16056.5   0.0865576
16065.9   0.0876448
16075.3   0.0894264
16084.7   0.0917897
16094.1   0.0946277
16103.6   0.0978345
16113   0.101302
16122.4   0.104921
16131.9   0.108578
16141.3   0.112163
16150.8   0.115568
16160.2   0.118697
16169.7   0.12146
16179.2   0.123784
16188.6   0.125609
16198.1   0.12689
16207.6   0.127597
16217.1   0.127713
16226.6   0.127232
16236.1   0.126163
16245.6   0.124525
16255.1   0.122351
16264.6   0.119687
16274.1   0.116594
16283.7   0.113146
16293.2   0.109429
16302.7   0.105541
16312.3   0.101586
16321.8   0.097672
16331.4   0.0939078
16340.9   0.0903987
16350.5   0.0872466
16360.1   0.0845498
16369.7   0.082405
16379.3   0.0809127
16388.8   0.0801832
16398.4   0.0803461
16408   0.081563
16417.6   0.084042
16427.3   0.0880551
16436.9   0.0939539
16446.5   0.10217
16456.1   0.113165
16465.8   0.127251
16475.4   0.144129
16485.1   0.162012
16494.7   0.176715
16504.4   0.182354
16514   0.17523
16523.7   0.157614
16533.4   0.13589
16543   0.115618
16552.7   0.0994461
16562.4   0.0879159
16572.1   0.0807422
16581.8   0.0775842
16591.5   0.0784004
16601.3   0.083628
16611   0.0942889
16620.7   0.111837
16630.4   0.1368
16640.2   0.164163
16649.9   0.178165
16659.7   0.16528
16669.4   0.135925
16679.2   0.108242
16688.9   0.0892746
16698.7   0.0789078
16708.5   0.0759147
16718.3   0.0801008
16728.1   0.0928563
16737.8   0.116768
16747.6   0.150721
16757.5   0.174855
16767.3   0.160494
16777.1   0.124224
16786.9   0.0952103
16796.7   0.0794612
16806.6   0.0748176
16816.4   0.080441
16826.3   0.0986157
16836.1   0.132619
16846   0.168936
16855.8   0.162264
16865.7   0.121437
16875.6   0.0901188
16885.5   0.0758365
16895.3   0.075343
16905.2   0.0890839
16915.1   0.121824
16925   0.164557
16934.9   0.160155
16944.9   0.114944
16954.8   0.0841628
16964.7   0.0734309
16974.6   0.0791946
16984.6   0.104856
16994.5   0.151818
17004.5   0.165351
17014.4   0.118524
17024.4   0.0836693
17034.4   0.072689
17044.3   0.0813683
17054.3   0.114836
17064.3   0.164127
17074.3   0.146433
17084.3   0.0965274
17094.3   0.0741765
17104.3   0.0756955
17114.3   0.102894
17124.3   0.156435
17134.4   0.15099
17144.4   0.0972217
17154.4   0.0734022
17164.5   0.0766505
17174.5   0.110016
17184.6   0.164069
17194.6   0.133167
17204.7   0.0846014
17214.8   0.0713111
17224.9   0.0875109
17234.9   0.140839
17245   0.156245
17255.1   0.0969542
17265.2   0.0718398
17275.3   0.0800288
17285.5   0.12763
17295.6   0.161495
17305.7   0.100915
17315.8   0.0718662
17326   0.0798002
17336.1   0.130633
17346.3   0.156752
17356.4   0.0935285
17366.6   0.0704467
17376.8   0.0869057
17386.9   0.149075
17397.1   0.135871
17407.3   0.0797939
17417.5   0.0719254
17427.7   0.109248
17437.9   0.162922
17448.1   0.0998148
17458.3   0.0701774
17468.5   0.0871809
17478.8   0.154072
17489   0.121849
17499.2   0.0733965
17509.5   0.0777886
17519.7   0.137936
17530   0.13665
17540.3   0.0767687
17550.5   0.0744329
17560.8   0.130158
17571.1   0.141052
17581.4   0.0773615
17591.7   0.0743246
17602   0.132711
17612.3   0.135404
17622.6   0.0746101
17632.9   0.0775226
17643.2   0.145089
17653.6   0.119476
17663.9   0.0704946
17674.2   0.0869565
17684.6   0.159835
17694.9   0.0969089
17705.3   0.0689976
17715.7   0.109414
17726   0.149528
17736.4   0.0771542
17746.8   0.0763477
17757.2   0.148611
17767.6   0.107661
17778   0.0685913
17788.4   0.104922
17798.8   0.149283
17809.2   0.0754481
17819.7   0.0794817
17830.1   0.156905
17840.5   0.0934853
17851   0.0698362
17861.4   0.129986
17871.9   0.119029
17882.4   0.0685401
17892.8   0.104679
17903.3   0.143061
17913.8   0.0715909
17924.3   0.0893759
17934.8   0.156414
17945.3   0.0764017
17955.8   0.0812012
17966.3   0.15938
17976.8   0.0808551
17987.3   0.0772854
17997.9   0.15831
18008.4   0.0833088
18018.9   0.0760469
18029.5   0.157841
18040.1   0.0829025
18050.6   0.0769684
18061.2   0.158788
18071.8   0.0797561
18082.3   0.0804742
18092.9   0.15813
18103.5   0.074945
18114.1   0.0880371
18124.7   0.149608
18135.3   0.07026
18146   0.102422
18156.6   0.129225
18167.2   0.0679228
18177.9   0.126716
18188.5   0.102811
18199.1   0.070756
18209.8   0.154297
18220.5   0.0808885
18231.1   0.0834892
18241.8   0.150029
18252.5   0.0691822
18263.2   0.114475
18273.9   0.10898
18284.6   0.070363
18295.3   0.15593
18306   0.0772176
18316.7   0.0916987
18327.4   0.13297
18338.2   0.0679923
18348.9   0.143356
18359.6   0.0840108
18370.4   0.0847698
18381.1   0.140914
18391.9   0.0679309
18402.7   0.14199
18413.4   0.083152
18424.2   0.0876961
18435   0.132928
18445.8   0.0684701
18456.6   0.153664
18467.4   0.0754302
18478.2   0.103227
18489   0.10881
18499.9   0.0738383
18510.7   0.15516
18521.5   0.068442
18532.4   0.139818
18543.2   0.0807255
18554.1   0.0968492
18565   0.112272
18575.8   0.0742811
18586.7   0.151934
18597.6   0.068191
18608.5   0.152522
18619.4   0.0735496
18630.3   0.118273
18641.2   0.0896603
18652.1   0.0901674
18663   0.116356
18673.9   0.0751324
18684.9   0.146056
18695.8   0.0690981
18706.8   0.15984
18717.7   0.0689783
18728.7   0.149472
18739.6   0.0731625
18750.6   0.128573
18761.6   0.0807155
18772.6   0.109605
18783.6   0.090778
18794.6   0.0958789
18805.6   0.102229
18816.6   0.0867535
18827.6   0.113667
18838.6   0.0809403
18849.6   0.12371
18860.7   0.0773853
18871.7   0.131395
18882.8   0.0753611
18893.8   0.136327
18904.9   0.0744118
18916   0.138499
18927   0.0743007
18938.1   0.13798
18949.2   0.0749843
18960.3   0.134727
18971.4   0.0766087
18982.5   0.128649
18993.6   0.0795276
19004.7   0.119889
19015.9   0.084346
19027   0.109112
19038.1   0.0919861
19049.3   0.0975422
19060.4   0.10371
19071.6   0.0866549
19082.8   0.120749
19093.9   0.0777742
19105.1   0.14235
19116.3   0.0719159
19127.5   0.160558
19138.7   0.069985
19149.9   0.158949
19161.1   0.0732782
19172.3   0.13364
19183.6   0.0842705
19194.8   0.103141
19206   0.107221
19217.3   0.081602
19228.5   0.143196
19239.8   0.0714787
19251.1   0.164199
19262.3   0.0727059
19273.6   0.133989
19284.9   0.0885639
19296.2   0.0942082
19307.5   0.126501
19318.8   0.0739751
19330.1   0.165069
19341.4   0.0727476
19352.7   0.132357
19364.1   0.0935737
19375.4   0.0874686
19386.8   0.144821
19398.1   0.0715815
19409.5   0.156958
19420.8   0.0824211
19432.2   0.0994364
19443.6   0.130549
19455   0.0729481
19466.3   0.162754
19477.7   0.0812086
19489.2   0.100287
19500.6   0.134421
19512   0.0726285
19523.4   0.156393
19534.8   0.0879575
19546.3   0.0895637
19557.7   0.155738
19569.2   0.0731685
19580.6   0.129425
19592.1   0.110613
19603.6   0.0763945
19615   0.16689
19626.5   0.0847084
19638   0.0918734
19649.5   0.15974
19661   0.0750009
19672.5   0.116114
19684   0.131476
19695.6   0.0736236
19707.1   0.141863
19718.6   0.11003
19730.2   0.0762428
19741.7   0.160245
19753.3   0.0979349
19764.9   0.080052
19776.4   0.1689
19788   0.092214
19799.6   0.0829653
19811.2   0.17172
19822.8   0.0907898
19834.4   0.0837016
19846   0.172005
19857.6   0.0930299
19869.3   0.0820475
19880.9   0.16894
19892.5   0.0996995
19904.2   0.0789279
19915.8   0.158179
19927.5   0.113077
19939.2   0.0762295
19950.8   0.13703
19962.5   0.136404
19974.2   0.0766379
19985.9   0.110763
19997.6   0.16684
20009.3   0.0841457
20021   0.0889634
20032.7   0.174057
20044.5   0.106011
20056.2   0.0777397
20068   0.134584
20079.7   0.150978
20091.5   0.0811038
20103.2   0.0939881
20115   0.177119
20126.8   0.109165
20138.6   0.0779494
20150.3   0.122836
20162.1   0.17027
20174   0.090311
20185.8   0.083203
20197.6   0.15022
20209.4   0.149336
20221.2   0.0837658
20233.1   0.0895282
20244.9   0.16502
20256.8   0.139197
20268.6   0.0825121
20280.5   0.0920319
20292.4   0.167202
20304.3   0.142252
20316.2   0.0843456
20328   0.0892096
20339.9   0.156924
20351.9   0.158778
20363.8   0.0909365
20375.7   0.0836408
20387.6   0.132637
20399.6   0.182766
20411.5   0.108783
20423.5   0.0811945
20435.4   0.103264
20447.4   0.176535
20459.4   0.150075
20471.3   0.0911527
20483.3   0.0843415
20495.3   0.124335
20507.3   0.189362
20519.3   0.132605
20531.3   0.0874485
20543.4   0.0874694
20555.4   0.131234
20567.4   0.191358
20579.5   0.135976
20591.5   0.090161
20603.6   0.0860646
20615.6   0.119676
20627.7   0.18613
20639.8   0.161353
20651.9   0.102818
20664   0.0845896
20676.1   0.0982982
20688.2   0.149581
20700.3   0.195298
20712.4   0.142417
20724.5   0.0969506
20736.7   0.0857353
20748.8   0.101855
20760.9   0.151015
20773.1   0.198006
20785.3   0.155483
20797.4   0.106084
20809.6   0.0876431
20821.8   0.0928548
20834   0.12322
20846.2   0.178803
20858.4   0.196279
20870.6   0.145262
20882.8   0.104557
20895   0.0891004
20907.3   0.0927403
20919.5   0.116029
20931.8   0.162165
20944   0.203117
20956.3   0.180269
20968.6   0.13202
20980.8   0.101976
20993.1   0.0905903
21005.4   0.0935536
21017.7   0.110986
21030   0.145669
21042.3   0.190551
21054.6   0.207258
21067   0.175743
21079.3   0.135037
21091.7   0.108144
21104   0.0950499
21116.4   0.0925014
21128.7   0.0991869
21141.1   0.115799
21153.5   0.143673
21165.9   0.180064
21178.2   0.209352
21190.6   0.209358
21203.1   0.182353
21215.5   0.149967
21227.9   0.124665
21240.3   0.108194
21252.8   0.0989987
21265.2   0.095508
21277.6   0.0967877
21290.1   0.102489
21302.6   0.112665
21315   0.127511
21327.5   0.146931
21340   0.169809
21352.5   0.193173
21365   0.212148
21377.5   0.221819
21390   0.220269
21402.6   0.209661
21415.1   0.194241
21427.6   0.177788
21440.2   0.162563
21452.7   0.149514
21465.3   0.13881
21477.9   0.130264
21490.4   0.123567
21503   0.1184
21515.6   0.114474
21528.2   0.111546
21540.8   0.109411
21553.4   0.107905
21566   0.106894
21578.7   0.10627
21591.3   0.105951
21603.9   0.105877
21616.6   0.106007
21629.2   0.106321
21641.9   0.106819
21654.6   0.107519
21667.3   0.108463
21679.9   0.109713
21692.6   0.111355
21705.3   0.113502
21718   0.116298
21730.8   0.119921
21743.5   0.124594
21756.2   0.130588
21769   0.138224
21781.7   0.14787
21794.5   0.159899
21807.2   0.174584
21820   0.191863
21832.8   0.210901
21845.5   0.229479
21858.3   0.243621
21871.1   0.248456
21883.9   0.240872
21896.8   0.222135
21909.6   0.197331
21922.4   0.172113
21935.2   0.150246
21948.1   0.133346
21960.9   0.121748
21973.8   0.115359
21986.7   0.114209
21999.5   0.118794
22012.4   0.130312
22025.3   0.150746
22038.2   0.182057
22051.1   0.222125
22064   0.255622
22076.9   0.256201
22089.8   0.221379
22102.8   0.178054
22115.7   0.145073
22128.7   0.125909
22141.6   0.119242
22154.6   0.124686
22167.6   0.144498
22180.5   0.183083
22193.5   0.23761
22206.5   0.270548
22219.5   0.238999
22232.5   0.182143
22245.6   0.142525
22258.6   0.125067
22271.6   0.126933
22284.7   0.150082
22297.7   0.201131
22310.8   0.265988
22323.8   0.265333
22336.9   0.198727
22350   0.147817
22363.1   0.128102
22376.1   0.135336
22389.2   0.174146
22402.4   0.248364
22415.5   0.282832
22428.6   0.213549
22441.7   0.152179
22454.9   0.131175
22468   0.145232
22481.2   0.202493
22494.3   0.285292
22507.5   0.254685
22520.7   0.171632
22533.9   0.136242
22547.1   0.145059
22560.3   0.204883
22573.5   0.294516
22586.7   0.246441
22599.9   0.162667
22613.1   0.137717
22626.4   0.165663
22639.6   0.257861
22652.9   0.293199
22666.2   0.19116
22679.4   0.142881
22692.7   0.157595
22706   0.244984
22719.3   0.30523
22732.6   0.197733
22745.9   0.145541
22759.2   0.166066
22772.5   0.269464
22785.9   0.292691
22799.2   0.178895
22812.6   0.147572
22825.9   0.199636
22839.3   0.319327
22852.7   0.23486
22866   0.154869
22879.4   0.170167
22892.8   0.287349
22906.2   0.283434
22919.6   0.169119
22933.1   0.162032
22946.5   0.266032
22959.9   0.307025
22973.4   0.17806
22986.8   0.16324
23000.3   0.269785
23013.7   0.307378
23027.2   0.176342
23040.7   0.171628
23054.2   0.299803
23067.7   0.281626
23081.2   0.167884
23094.7   0.194553
23108.2   0.34508
23121.8   0.231413
23135.3   0.165198
23148.8   0.25203
23162.4   0.334361
23175.9   0.184235
23189.5   0.190004
23203.1   0.349711
23216.7   0.238617
23230.3   0.171938
23243.9   0.284579
23257.5   0.310661
23271.1   0.177332
23284.7   0.233327
23298.4   0.36294
23312   0.19457
23325.7   0.207296
23339.3   0.377932
23353   0.214997
23366.6   0.196746
23380.3   0.375005
23394   0.231066
23407.7   0.194716
23421.4   0.37453
23435.1   0.237658
23448.9   0.19819
23462.6   0.383664
23476.3   0.233292
23490.1   0.207641
23503.8   0.398017
23517.6   0.220529
23531.4   0.227335
23545.1   0.398944
23558.9   0.205731
23572.7   0.266317
23586.5   0.361226
23600.3   0.197957
23614.1   0.336017
23628   0.29168
23641.8   0.209031
23655.6   0.414259
23669.5   0.231001
23683.3   0.258795
23697.2   0.385157
23711.1   0.206898
23725   0.371748
23738.9   0.273208
23752.8   0.237932
23766.7   0.424478
23780.6   0.215506
23794.5   0.362253
23808.4   0.287616
23822.4   0.245506
23836.3   0.427558
23850.3   0.219732
23864.3   0.403861
23878.2   0.266044
23892.2   0.284556
23906.2   0.380322
23920.2   0.231448
23934.2   0.462657
23948.2   0.235139
23962.2   0.390586
23976.3   0.28573
23990.3   0.297219
24004.3   0.378062
24018.4   0.24966
24032.5   0.466254
24046.5   0.23866
24060.6   0.471466
24074.7   0.253581
24088.8   0.40947
24102.9   0.289122
24117   0.345416
24131.1   0.340435
24145.3   0.302114
24159.4   0.398851
24173.5   0.277543
24187.7   0.451995
24201.9   0.265794
24216   0.489982
24230.2   0.262068
24244.4   0.511269
24258.6   0.262927
24272.8   0.521181
24287   0.265963
24301.2   0.526404
24315.5   0.269616
24329.7   0.531388
24343.9   0.273149
24358.2   0.537343
24372.4   0.27668
24386.7   0.542108
24401   0.281237
24415.3   0.540224
24429.6   0.288821
24443.9   0.524371
24458.2   0.30256
24472.5   0.489773
24486.8   0.327036
24501.2   0.439664
24515.5   0.368582
24529.9   0.385403
24544.2   0.433876
24558.6   0.340027
24573   0.519636
24587.4   0.313143
24601.8   0.583874
24616.2   0.312045
24630.6   0.554798
24645   0.346777
24659.4   0.451823
24673.9   0.433199
24688.3   0.362943
24702.8   0.56339
24717.2   0.326927
24731.7   0.600869
24746.2   0.354901
24760.7   0.472971
24775.2   0.467888
24789.7   0.363613
24804.2   0.619851
24818.7   0.346214
24833.3   0.549831
24847.8   0.439088
24862.3   0.394079
24876.9   0.623618
24891.5   0.357434
24906   0.56172
24920.6   0.467939
24935.2   0.392366
24949.8   0.658562
24964.4   0.383381
24979   0.50697
24993.7   0.564825
25008.3   0.378324
25022.9   0.636584
25037.6   0.466319
25052.3   0.419821
25066.9   0.686559
25081.6   0.418982
25096.3   0.483657
25111   0.662399
25125.7   0.405519
25140.4   0.546629
25155.1   0.627019
25169.8   0.408418
25184.6   0.591686
25199.3   0.610457
25214.1   0.416897
25228.8   0.612477
25243.6   0.618664
25258.4   0.426339
25273.2   0.608222
25288   0.651827
25302.8   0.43838
25317.6   0.579735
25332.4   0.705331
25347.3   0.461325
25362.1   0.533881
25376.9   0.754274
25391.8   0.510805
25406.7   0.488606
25421.5   0.740573
25436.4   0.607469
25451.3   0.46976
25466.2   0.639517
25481.1   0.741984
25496.1   0.508466
25511   0.529476
25525.9   0.770593
25540.9   0.64132
25555.8   0.494757
25570.8   0.6196
25585.8   0.79931
25600.7   0.587997
25615.7   0.514215
25630.7   0.686812
25645.7   0.79394
25660.7   0.579827
25675.8   0.534422
25690.8   0.711246
25705.8   0.807075
25720.9   0.603548
25736   0.544614
25751   0.692703
25766.1   0.836342
25781.2   0.663774
25796.3   0.556445
25811.4   0.639931
25826.5   0.830193
25841.6   0.771315
25856.7   0.60402
25871.9   0.589222
25887   0.73346
25902.2   0.862833
25917.4   0.734438
25932.5   0.606187
25947.7   0.621397
25962.9   0.76656
25978.1   0.87505
25993.3   0.761525
26008.5   0.635901
26023.8   0.628576
26039   0.738571
26054.2   0.874228
26069.5   0.842868
26084.8   0.709028
26100   0.641378
26115.3   0.676208
26130.6   0.793782
26145.9   0.894863
26161.2   0.852437
26176.5   0.737809
26191.9   0.671346
26207.2   0.684401
26222.5   0.768058
26237.9   0.874174
26253.3   0.906946
26268.6   0.837608
26284   0.74753
26299.4   0.700119
26314.8   0.710078
26330.2   0.770695
26345.6   0.856021
26361   0.914534
26376.5   0.904134
26391.9   0.841977
26407.4   0.77651
26422.8   0.738284
26438.3   0.735719
26453.8   0.766144
26469.3   0.819744
26484.8   0.878338
26500.3   0.918272
26515.8   0.923303
26531.3   0.896352
26546.9   0.854497
26562.4   0.814963
26577.9   0.787848
26593.5   0.776669
26609.1   0.780989
26624.7   0.798198
26640.3   0.824309
26655.8   0.854389
26671.5   0.883193
26687.1   0.90616
26702.7   0.920435
26718.3   0.925392
26734   0.922347
26749.6   0.913721
26765.3   0.902135
26781   0.889799
26796.6   0.878262
26812.3   0.868429
26828   0.860683
26843.7   0.855055
26859.5   0.851355
26875.2   0.849282
26890.9   0.848498
26906.7   0.848676
26922.4   0.849526
26938.2   0.850814
26953.9   0.852365
26969.7   0.854062
26985.5   0.855845
27001.3   0.857699
27017.1   0.859656
27032.9   0.861781
27048.8   0.864169
27064.6   0.866937
27080.5   0.870213
27096.3   0.874125
27112.2   0.878784
27128.1   0.884258
27143.9   0.890539
27159.8   0.897508
27175.7   0.904884
27191.6   0.91218
27207.6   0.91868
27223.5   0.923442
27239.4   0.925381
27255.4   0.923436
27271.3   0.916834
27287.3   0.905387
27303.3   0.889735
27319.3   0.871432
27335.3   0.852805
27351.3   0.836644
27367.3   0.825817
27383.3   0.822895
27399.3   0.829765
27415.4   0.847103
27431.4   0.873518
27447.5   0.904384
27463.6   0.931098
27479.6   0.942637
27495.7   0.930873
27511.8   0.896874
27527.9   0.851759
27544.1   0.810776
27560.2   0.786864
27576.3   0.788124
27592.5   0.8173
27608.6   0.869035
27624.8   0.923626
27641   0.947212
27657.1   0.916634
27673.3   0.848472
27689.5   0.783362
27705.8   0.752368
27722   0.769165
27738.2   0.83239
27754.5   0.913373
27770.7   0.945247
27787   0.88647
27803.2   0.790155
27819.5   0.729453
27835.8   0.736875
27852.1   0.814398
27868.4   0.916808
27884.7   0.930396
27901   0.82615
27917.4   0.723461
27933.7   0.702421
27950.1   0.778208
27966.4   0.903961
27982.8   0.918571
27999.2   0.78683
28015.6   0.685376
28032   0.698969
28048.4   0.825416
28064.8   0.929064
28081.3   0.82166
28097.7   0.680603
28114.2   0.668132
28130.6   0.798195
28147.1   0.921053
28163.6   0.793469
28180.1   0.650062
28196.6   0.668056
28213.1   0.838212
28229.6   0.890348
28246.1   0.699546
28262.7   0.619153
28279.2   0.737158
28295.8   0.903192
28312.3   0.747005
28328.9   0.604735
28345.5   0.682635
28362.1   0.885536
28378.7   0.7562
28395.3   0.591246
28411.9   0.669082
28428.6   0.880575
28445.2   0.717708
28461.9   0.572265
28478.5   0.699043
28495.2   0.871419
28511.9   0.637775
28528.6   0.569924
28545.3   0.785833
28562   0.7825
28578.7   0.557147
28595.5   0.635032
28612.2   0.856945
28629   0.613305
28645.7   0.552359
28662.5   0.80386
28679.3   0.692967
28696.1   0.522362
28712.9   0.716901
28729.7   0.755768
28746.5   0.516104
28763.3   0.653885
28780.2   0.785052
28797   0.513817
28813.9   0.621616
28830.8   0.786454
28847.6   0.505094
28864.5   0.617051
28881.4   0.76484
28898.3   0.488822
28915.3   0.641573
28932.2   0.713187
28949.1   0.473062
28966.1   0.698926
28983   0.626372
29000   0.47462
