Transmission:328		
350	-44,93	
351	87,39	
352	104,03	
353	206,42	
354	97,04	
355	-26,56	
356	-5,06	
357	-370,82	
358	438,36	
359	-560,03	
360	89,43	
361	50,71	
362	-250,77	
363	132,08	
364	243,21	
365	-420,46	
366	1590,41	
367	234,07	
368	112,19	
369	-199,32	
370	-17,08	
371	-20	
372	-335,11	
373	92,37	
374	719,11	
375	-2165,8	
376	-168,57	
377	38,94	
378	84,26	
379	140,03	
380	-48,12	
381	89,52	
382	16	
383	120,35	
384	-341,66	
385	18,27	
386	41,27	
387	27	
388	-68,75	
389	28,86	
390	16,53	
391	29,56	
392	-13,4	
393	50,07	
394	1,31	
395	17,22	
396	17,23	
397	22,42	
398	1,48	
399	22,49	
400	14,12	
401	7,44	
402	-0,95	
403	-3,16	
404	8,49	
405	25,11	
406	4,38	
407	17,96	
408	7,83	
409	5,78	
410	9,97	
411	6,54	
412	11,06	
413	12,58	
414	20,54	
415	26,13	
416	-7,06	
417	6,33	
418	10,53	
419	7,84	
420	4,53	
421	12,47	
422	8,12	
423	6,47	
424	9,9	
425	6,82	
426	10,79	
427	10,55	
428	6,87	
429	15,09	
430	11,45	
431	12,18	
432	11,72	
433	19,11	
434	17,75	
435	20,53	
436	19,46	
437	20,12	
438	23,85	
439	28,25	
440	29,66	
441	32,28	
442	35,45	
443	35,1	
444	43,08	
445	45,44	
446	48,4	
447	58,26	
448	51,65	
449	56,01	
450	51,84	
451	51,39	
452	45,27	
453	41,26	
454	36,98	
455	30,88	
456	31,59	
457	23,86	
458	22,68	
459	20,47	
460	18,65	
461	16,56	
462	15,1	
463	14,05	
464	12,15	
465	9,33	
466	8,41	
467	7,89	
468	7,95	
469	8,12	
470	6,86	
471	5,68	
472	7,34	
473	6,56	
474	6,15	
475	4,48	
476	6,85	
477	3,87	
478	5,58	
479	3,23	
480	4,67	
481	3,9	
482	3,55	
483	2,57	
484	3,1	
485	4,34	
486	4,29	
487	4,13	
488	5,56	
489	4,34	
490	2,79	
491	3,09	
492	3,79	
493	3,68	
494	3,12	
495	2,62	
496	1,83	
497	2,94	
498	2,98	
499	1,65	
500	2,57	
501	3,09	
502	3,29	
503	2,33	
504	3,11	
505	2,8	
506	3,35	
507	3,16	
508	3,34	
509	2,8	
510	2,77	
511	3,58	
512	1,66	
513	3,01	
514	2,75	
515	3,66	
516	3,74	
517	2,94	
518	3,07	
519	3,12	
520	3,37	
521	2,57	
522	2,91	
523	3,45	
524	3,85	
525	3,52	
526	4,2	
527	4,45	
528	3,93	
529	5,12	
530	4,67	
531	4,73	
532	4,6	
533	5,09	
534	4,8	
535	4,87	
536	5,9	
537	6,22	
538	6,9	
539	6,85	
540	8,1	
541	8,79	
542	8,71	
543	9,54	
544	11,21	
545	12,4	
546	13,44	
547	14,35	
548	16,45	
549	19,48	
550	20,93	
551	23,81	
552	27,12	
553	30,48	
554	32,38	
555	36,44	
556	38,92	
557	43,46	
558	43,47	
559	44,18	
560	46,85	
561	42,86	
562	39,16	
563	36,32	
564	31,32	
565	27,66	
566	24,78	
567	22,76	
568	19,41	
569	16,32	
570	15,1	
571	13	
572	12,78	
573	10,31	
574	9,68	
575	8,71	
576	6,7	
577	6,71	
578	6,57	
579	6,3	
580	5,96	
581	5,34	
582	4,95	
583	3,77	
584	4,04	
585	4,15	
586	3,42	
587	3,09	
588	3,19	
589	2,41	
590	2,82	
591	2,83	
592	3,04	
593	2,15	
594	2,39	
595	2,04	
596	2,18	
597	2,08	
598	1,52	
599	2,18	
600	1,71	
601	2,11	
602	2,2	
603	1,83	
604	1,84	
605	1,22	
606	1,68	
607	1,79	
608	1,89	
609	1,71	
610	1,72	
611	1,03	
612	1,25	
613	0,95	
614	1,27	
615	0,86	
616	1,34	
617	1	
618	1,35	
619	0,54	
620	0,8	
621	1,55	
622	0,97	
623	0,73	
624	1,12	
625	0,73	
626	1,22	
627	1,86	
628	0,9	
629	0,73	
630	0,52	
631	1,12	
632	1,23	
633	0,95	
634	0,73	
635	1,18	
636	0,84	
637	1,13	
638	0,54	
639	0,46	
640	1,14	
641	1,15	
642	1,13	
643	1,21	
644	0,73	
645	0,64	
646	0,89	
647	1,49	
648	1,54	
649	0,71	
650	1,06	
651	0,93	
652	0,79	
653	0,64	
654	0,41	
655	0,65	
656	1,06	
657	0,97	
658	0,93	
659	0,51	
660	1,16	
661	0,8	
662	1,09	
663	1,33	
664	1,24	
665	1,43	
666	1,17	
667	1,59	
668	0,6	
669	1,31	
670	1,04	
671	0,98	
672	0,97	
673	0,56	
674	1,43	
675	1,37	
676	1,51	
677	1,15	
678	1,52	
679	1,9	
680	0,85	
681	1,17	
682	1,21	
683	0,97	
684	1,65	
685	1,27	
686	1,28	
687	1,32	
688	1,76	
689	0,92	
690	1,77	
691	1,94	
692	1,08	
693	1,01	
694	1,9	
695	1,98	
696	1,63	
697	1,92	
698	2,42	
699	1,54	
700	2,22	
701	1,53	
702	1,98	
703	1,66	
704	1,87	
705	2,16	
706	2,07	
707	2,91	
708	2,9	
709	2,55	
710	2,66	
711	2,7	
712	3,24	
713	3,58	
714	2,98	
715	3,62	
716	4,28	
717	4,46	
718	4,14	
719	4,16	
720	4,06	
721	4,87	
722	5,54	
723	6,4	
724	6,76	
725	7,36	
726	7,83	
727	8,47	
728	9,41	
729	11,37	
730	10,57	
731	12	
732	12,78	
733	14,58	
734	16,53	
735	18,44	
736	20,05	
737	22,07	
738	24,51	
739	25,45	
740	26,94	
741	28,34	
742	29,99	
743	28,55	
744	29,46	
745	26,85	
746	24,29	
747	24,39	
748	22,89	
749	21,31	
750	19,21	
751	18,16	
752	14,69	
753	13,44	
754	11,5	
755	10,75	
756	10,18	
757	7,57	
758	6,51	
759	8,96	
760	6,74	
761	5,46	
762	5,4	
763	4,35	
764	4,78	
765	4,4	
766	5,05	
767	3,74	
768	3,71	
769	3,38	
770	2,75	
771	4,2	
772	2,57	
773	2,41	
774	3,33	
775	1,68	
776	2,69	
777	2,81	
778	1,45	
779	2,08	
780	1,32	
781	1,51	
782	2,77	
783	1,43	
784	1,25	
785	2,33	
786	2,02	
787	0,57	
788	2,51	
789	0,89	
790	2,47	
791	-0,92	
792	0,97	
793	1,31	
794	1,8	
795	1,84	
796	1,27	
797	0,88	
798	0,98	
799	0,93	
800	0,71	
801	1,9	
802	-0,17	
803	-0,36	
804	0,2	
805	0,73	
806	1,47	
807	0,84	
808	0,26	
809	0,84	
810	0,5	
811	0,52	
812	0,2	
813	2,04	
814	1,99	
815	0,49	
816	0,81	
817	0,48	
818	0,53	
819	0,61	
820	0,88	
821	-0,14	
822	0,48	
823	1,74	
824	0,22	
825	-0,18	
826	0,51	
827	0,04	
828	0,1	
829	1,75	
830	2,14	
831	1,54	
832	1,57	
833	1,6	
834	-0,59	
835	0,18	
836	1,36	
837	0,75	
838	-0,64	
839	1,08	
840	1,27	
841	0,85	
842	1,88	
843	0,46	
844	0,85	
845	1,83	
846	-0,49	
847	0,62	
848	-0,93	
849	-0,13	
850	1,21	
851	0,6	
852	0,38	
853	1,41	
854	0,85	
855	0,16	
856	0	
857	0,18	
858	1,35	
859	2,04	
860	-0,84	
861	0,08	
862	1,95	
863	1,63	
864	0,27	
865	1,53	
866	2,14	
867	2,62	
868	1,19	
869	3,14	
870	1,46	
871	2,17	
872	-0,59	
873	-0,62	
874	0,46	
875	3,25	
876	1,39	
877	2,05	
878	0,89	
879	0,62	
880	0,07	
881	3,46	
882	0,27	
883	0,91	
884	2,81	
885	2,88	
886	1,62	
887	2,32	
888	-0,02	
889	0,96	
890	3,3	
891	1,88	
892	1,56	
893	2,13	
894	0,51	
895	2,11	
896	-2,81	
897	1,45	
898	-0,18	
899	1,35	
900	2,31	
901	4,23	
902	-1,14	
903	0,93	
904	1,98	
905	0,79	
906	4,14	
907	1,69	
908	2,41	
909	1,89	
910	-0,67	
911	3,35	
912	-0,27	
913	1,42	
914	-2,76	
915	0,9	
916	3,2	
917	-0,82	
918	-0,36	
919	2,47	
920	-0,96	
921	3,15	
922	-1,78	
923	3,29	
924	-2,76	
925	-2,15	
926	4,21	
927	3,21	
928	0,5	
929	-4,94	
930	2,38	
931	2,3	
932	-5,18	
933	3,53	
934	-2,71	
935	4,43	
936	-1,75	
937	-6,41	
938	-1,41	
939	-0,85	
940	1,84	
941	6,19	
942	1,18	
943	10,22	
944	-1,85	
945	4,07	
946	0,61	
947	0,28	
948	-9,51	
949	7,8	
950	18,57	
951	2,69	
952	-6,57	
953	-3,71	
954	-1,3	
955	-4,22	
956	6,52	
957	-7,09	
958	6,23	
959	-6,55	
960	2,64	
961	3,24	
962	1,99	
963	17,93	
964	-6,42	
965	9,58	
966	6,75	
967	2,31	
968	-3,96	
969	1,41	
970	2,24	
971	-5,38	
972	6,05	
973	2,75	
974	3,16	
975	3,74	
976	-2,76	
977	-6,56	
978	-6,07	
979	9,81	
980	-0,72	
981	0,09	
982	6,08	
983	10,3	
984	-0,79	
985	-13,17	
986	-10,17	
987	-1,24	
988	2,58	
989	8,7	
990	4,09	
991	7,28	
992	-6,59	
993	-8,84	
994	9,84	
995	-8,74	
996	12,9	
997	-1,73	
998	4,57	
999	-17,82	
1000	1,75	
