2000 
    Freq MDM_500
9000   0.0560479
9005.27   0.0592827
9010.54   0.113128
9015.82   0.0586784
9021.1   0.0617496
9026.38   0.118307
9031.66   0.0624057
9036.95   0.0633969
9042.24   0.12361
9047.54   0.0675606
9052.83   0.0643547
9058.13   0.127855
9063.44   0.0747423
9068.74   0.0649528
9074.05   0.129206
9079.37   0.0848981
9084.68   0.0657258
9090   0.12597
9095.32   0.0993357
9100.65   0.0674249
9105.98   0.117954
9111.31   0.119292
9116.64   0.0710876
9121.98   0.107112
9127.32   0.143915
9132.67   0.0782388
9138.01   0.0965269
9143.36   0.165561
9148.72   0.0913008
9154.07   0.0889516
9159.43   0.169473
9164.8   0.114045
9170.16   0.0864404
9175.53   0.151547
9180.9   0.150095
9186.28   0.0911764
9191.66   0.126886
9197.04   0.191287
9202.42   0.107006
9207.81   0.109503
9213.2   0.201754
9218.6   0.140962
9224   0.104591
9229.4   0.170156
9234.8   0.196835
9240.21   0.115692
9245.62   0.136567
9251.03   0.235595
9256.45   0.151257
9261.87   0.122793
9267.29   0.203344
9272.72   0.219887
9278.15   0.134049
9283.58   0.157619
9289.01   0.267003
9294.45   0.181585
9299.89   0.141986
9305.34   0.218752
9310.79   0.26965
9316.24   0.164845
9321.69   0.169981
9327.15   0.287477
9332.61   0.243031
9338.08   0.167704
9343.54   0.215185
9349.01   0.330266
9354.49   0.225473
9359.96   0.184563
9365.45   0.271346
9370.93   0.342512
9376.42   0.222832
9381.91   0.21129
9387.4   0.328118
9392.89   0.345177
9398.39   0.23206
9403.9   0.243908
9409.4   0.37738
9414.91   0.353255
9420.42   0.249983
9425.94   0.278281
9431.46   0.417609
9436.98   0.371975
9442.51   0.274513
9448.04   0.310892
9453.57   0.450721
9459.1   0.402459
9464.64   0.304842
9470.18   0.3398
9475.73   0.477382
9481.28   0.444201
9486.83   0.34165
9492.38   0.365234
9497.94   0.495794
9503.5   0.494218
9509.06   0.387038
9514.63   0.389878
9520.2   0.504163
9525.78   0.544209
9531.35   0.443267
9536.93   0.418718
9542.52   0.504803
9548.11   0.57988
9553.7   0.508607
9559.29   0.457773
9564.89   0.50598
9570.49   0.590252
9576.09   0.570045
9581.7   0.50989
9587.31   0.518839
9592.92   0.582516
9598.54   0.604562
9604.16   0.565256
9609.78   0.549735
9615.41   0.579515
9621.04   0.606363
9626.67   0.597063
9632.31   0.586862
9637.95   0.597641
9643.59   0.604557
9649.24   0.594227
9654.88   0.595499
9660.54   0.620027
9666.19   0.627825
9671.85   0.593991
9677.52   0.56895
9683.18   0.595898
9688.85   0.647597
9694.52   0.634497
9700.2   0.564636
9705.88   0.536232
9711.56   0.585624
9717.25   0.659869
9722.94   0.627921
9728.63   0.530387
9734.33   0.49538
9740.03   0.553973
9745.73   0.651813
9751.44   0.621561
9757.15   0.501577
9762.86   0.449294
9768.57   0.497621
9774.29   0.614357
9780.02   0.622132
9785.74   0.488946
9791.47   0.407588
9797.21   0.425727
9802.94   0.535844
9808.68   0.615651
9814.42   0.503683
9820.17   0.385022
9825.92   0.359112
9831.67   0.426724
9837.43   0.554215
9843.19   0.542617
9848.95   0.399633
9854.72   0.320688
9860.49   0.328403
9866.26   0.420252
9872.04   0.53181
9877.82   0.463171
9883.6   0.331913
9889.39   0.276477
9895.18   0.295961
9900.97   0.389929
9906.77   0.488629
9912.57   0.411924
9918.38   0.29186
9924.18   0.241703
9929.99   0.255734
9935.81   0.33467
9941.62   0.436753
9947.44   0.392166
9953.27   0.275699
9959.1   0.216419
9964.93   0.213489
9970.76   0.263856
9976.6   0.361786
9982.44   0.389399
9988.29   0.288551
9994.13   0.208752
9999.99   0.181728
10005.8   0.197835
10011.7   0.260163
10017.6   0.345536
10023.4   0.329139
10029.3   0.234786
10035.2   0.175361
10041   0.157915
10046.9   0.174935
10052.8   0.230084
10058.7   0.305431
10064.6   0.298743
10070.5   0.217167
10076.4   0.159904
10082.3   0.138394
10088.2   0.144769
10094.1   0.180198
10100   0.244446
10105.9   0.282422
10111.8   0.230956
10117.7   0.165397
10123.7   0.129825
10129.6   0.119768
10135.5   0.130834
10141.5   0.165547
10147.4   0.221359
10153.3   0.249848
10159.3   0.205973
10165.2   0.149703
10171.2   0.116852
10177.1   0.104736
10183.1   0.108931
10189.1   0.1301
10195   0.170536
10201   0.21437
10207   0.211461
10212.9   0.164282
10218.9   0.122473
10224.9   0.0993349
10230.9   0.0909986
10236.9   0.0945849
10242.9   0.110592
10248.9   0.141015
10254.9   0.179357
10260.9   0.193907
10266.9   0.165298
10272.9   0.125757
10278.9   0.0981908
10284.9   0.083611
10290.9   0.0788763
10297   0.0824466
10303   0.094773
10309   0.117256
10315.1   0.147604
10321.1   0.169537
10327.2   0.161033
10333.2   0.130849
10339.3   0.102123
10345.3   0.0829402
10351.4   0.0723476
10357.4   0.0683284
10363.5   0.0698309
10369.6   0.07687
10375.6   0.0902015
10381.7   0.110174
10387.8   0.133259
10393.9   0.147779
10399.9   0.141821
10406   0.120418
10412.1   0.0974268
10418.2   0.0798113
10424.3   0.0682291
10430.4   0.0615351
10436.5   0.0586764
10442.6   0.0590757
10448.8   0.0626078
10454.9   0.0694947
10461   0.0800891
10467.1   0.0943031
10473.3   0.110357
10479.4   0.123399
10485.5   0.12701
10491.7   0.119069
10497.8   0.104162
10503.9   0.0883745
10510.1   0.0750445
10516.3   0.0649702
10522.4   0.0578466
10528.6   0.0531292
10534.7   0.0503478
10540.9   0.0491747
10547.1   0.0494163
10553.3   0.0509867
10559.4   0.0538803
10565.6   0.0581392
10571.8   0.0638062
10578   0.0708464
10584.2   0.0790236
10590.4   0.0877441
10596.6   0.0959498
10602.8   0.102226
10609   0.105252
10615.2   0.104415
10621.4   0.100119
10627.6   0.0935013
10633.9   0.0858522
10640.1   0.078182
10646.3   0.0710966
10652.5   0.0648676
10658.8   0.0595547
10665   0.0551068
10671.3   0.0514271
10677.5   0.0484075
10683.8   0.0459453
10690   0.0439497
10696.3   0.0423429
10702.5   0.0410593
10708.8   0.0400439
10715.1   0.0392504
10721.4   0.0386397
10727.6   0.038178
10733.9   0.0378363
10740.2   0.0375893
10746.5   0.0374145
10752.8   0.0372923
10759.1   0.037205
10765.4   0.0371371
10771.7   0.037075
10778   0.0370069
10784.3   0.0369228
10790.6   0.0368147
10796.9   0.0366764
10803.3   0.0365033
10809.6   0.0362931
10815.9   0.0360449
10822.2   0.0357599
10828.6   0.0354409
10834.9   0.0350925
10841.3   0.0347208
10847.6   0.0343332
10854   0.0339388
10860.3   0.0335475
10866.7   0.0331709
10873   0.0328212
10879.4   0.0325121
10885.8   0.0322582
10892.1   0.0320753
10898.5   0.0319811
10904.9   0.0319947
10911.3   0.0321378
10917.7   0.0324351
10924.1   0.032915
10930.5   0.0336107
10936.9   0.0345614
10943.3   0.0358132
10949.7   0.03742
10956.1   0.0394426
10962.5   0.0419464
10968.9   0.0449919
10975.3   0.0486168
10981.8   0.0527994
10988.2   0.0573985
10994.6   0.0620726
11001.1   0.066213
11007.5   0.0689782
11014   0.0695323
11020.4   0.0674532
11026.9   0.0630237
11033.3   0.0571153
11039.8   0.0507553
11046.2   0.0447452
11052.7   0.0395372
11059.2   0.0352998
11065.6   0.0320381
11072.1   0.0296914
11078.6   0.0281931
11085.1   0.0275043
11091.6   0.0276325
11098.1   0.0286461
11104.6   0.0306871
11111.1   0.0339766
11117.6   0.0387822
11124.1   0.0452618
11130.6   0.0530086
11137.1   0.060251
11143.6   0.0636846
11150.2   0.0608829
11156.7   0.0532572
11163.2   0.044444
11169.8   0.036935
11176.3   0.031472
11182.9   0.0279508
11189.4   0.0261015
11195.9   0.0257596
11202.5   0.0269528
11209.1   0.0299377
11215.6   0.0351868
11222.2   0.0431059
11228.8   0.0528169
11235.3   0.0598955
11241.9   0.0582874
11248.5   0.0491031
11255.1   0.0389603
11261.7   0.0314504
11268.3   0.0269122
11274.9   0.0248471
11281.5   0.0249426
11288.1   0.0273129
11294.7   0.0325408
11301.3   0.0413419
11307.9   0.052441
11314.5   0.0583484
11321.2   0.052046
11327.8   0.0403484
11334.4   0.0311879
11341.1   0.0259588
11347.7   0.0239439
11354.3   0.0247178
11361   0.0286093
11367.6   0.0366223
11374.3   0.0486126
11381   0.0567585
11387.6   0.0502956
11394.3   0.0375846
11401   0.0285728
11407.6   0.0241919
11414.3   0.0234553
11421   0.0262268
11427.7   0.0335225
11434.4   0.0459862
11441.1   0.0555656
11447.8   0.0483171
11454.5   0.0348727
11461.2   0.0264106
11467.9   0.02309
11474.6   0.0238729
11481.3   0.0292181
11488   0.0406547
11494.8   0.0535859
11501.5   0.0496648
11508.2   0.0352457
11515   0.0259947
11521.7   0.0226758
11528.5   0.0240809
11535.2   0.0310152
11542   0.0448218
11548.7   0.0540044
11555.5   0.0422043
11562.2   0.0290134
11569   0.0231003
11575.8   0.0228796
11582.6   0.0283908
11589.3   0.0416068
11596.1   0.0535413
11602.9   0.0425551
11609.7   0.0285975
11616.5   0.0226963
11623.3   0.023081
11630.1   0.0301487
11636.9   0.0455626
11643.7   0.0519295
11650.6   0.036162
11657.4   0.0249883
11664.2   0.0220194
11671   0.0257605
11677.9   0.0383611
11684.7   0.0527425
11691.5   0.0410351
11698.4   0.0267508
11705.2   0.0219788
11712.1   0.0246165
11719   0.0364955
11725.8   0.0523238
11732.7   0.0409821
11739.6   0.0262972
11746.4   0.021854
11753.3   0.0254975
11760.2   0.0395865
11767.1   0.0523303
11774   0.0360157
11780.9   0.0239612
11787.8   0.0221447
11794.7   0.029494
11801.6   0.0478003
11808.5   0.046341
11815.4   0.0283165
11822.3   0.0219076
11829.2   0.0251169
11836.1   0.0402755
11843.1   0.0514748
11850   0.0326453
11857   0.0226069
11863.9   0.0235199
11870.8   0.0363342
11877.8   0.0524419
11884.7   0.0349092
11891.7   0.0230366
11898.7   0.0232376
11905.6   0.0359313
11912.6   0.0525072
11919.6   0.0341666
11926.6   0.0227425
11933.5   0.0239495
11940.5   0.0389733
11947.5   0.0514059
11954.5   0.0307187
11961.5   0.0221083
11968.5   0.0263286
11975.5   0.0458704
11982.5   0.0456357
11989.5   0.0261332
11996.6   0.0223041
12003.6   0.0323907
12010.6   0.0529079
12017.7   0.0349683
12024.7   0.0227339
12031.7   0.0254872
12038.8   0.0451231
12045.8   0.0458581
12052.9   0.025735
12059.9   0.0228971
12067   0.0362043
12074.1   0.0527294
12081.1   0.0301287
12088.2   0.0223842
12095.3   0.0308871
12102.4   0.053526
12109.4   0.0345811
12116.5   0.0227377
12123.6   0.0282802
12130.7   0.0519526
12137.8   0.0377894
12144.9   0.0232278
12152.1   0.0273616
12159.2   0.0511625
12166.3   0.0389609
12173.4   0.0234496
12180.5   0.0276811
12187.7   0.0521718
12194.8   0.0378618
12201.9   0.0233428
12209.1   0.0293224
12216.2   0.0544979
12223.4   0.034737
12230.5   0.0232125
12237.7   0.0329387
12244.9   0.0556097
12252   0.0304615
12259.2   0.0237273
12266.4   0.0398051
12273.6   0.0511125
12280.8   0.0264356
12288   0.0260366
12295.1   0.050513
12302.3   0.0406905
12309.5   0.0240817
12316.8   0.0322864
12324   0.0571522
12331.2   0.0305276
12338.4   0.0248439
12345.6   0.0457869
12352.9   0.0459829
12360.1   0.0250103
12367.3   0.031487
12374.6   0.0583587
12381.8   0.0311304
12389.1   0.0255716
12396.3   0.049095
12403.6   0.0433966
12410.8   0.0249618
12418.1   0.0361559
12425.4   0.0568631
12432.6   0.0280361
12439.9   0.0289903
12447.2   0.0589504
12454.5   0.0343788
12461.8   0.026068
12469.1   0.0504716
12476.4   0.043371
12483.7   0.0256532
12491   0.0415755
12498.3   0.0529267
12505.6   0.0267814
12513   0.0356107
12520.3   0.0599236
12527.6   0.0288356
12534.9   0.03214
12542.3   0.0629166
12549.6   0.0312865
12557   0.0303037
12564.3   0.0631461
12571.7   0.0336203
12579   0.0294917
12586.4   0.0626154
12593.8   0.0353817
12601.2   0.0293446
12608.5   0.0626393
12615.9   0.0362519
12623.3   0.0296983
12630.7   0.0637304
12638.1   0.036106
12645.5   0.0305618
12652.9   0.0657547
12660.3   0.035039
12667.7   0.0321263
12675.1   0.067796
12682.5   0.0333614
12690   0.0348119
12697.4   0.0679088
12704.8   0.0315573
12712.3   0.0393545
12719.7   0.0638252
12727.2   0.0302185
12734.6   0.0468661
12742.1   0.0553415
12749.5   0.0300261
12757   0.058242
12764.5   0.0453609
12771.9   0.0318907
12779.4   0.0704755
12786.9   0.0372076
12794.4   0.037368
12801.9   0.0714011
12809.4   0.0325336
12816.9   0.0492105
12824.4   0.0568026
12831.9   0.0320958
12839.4   0.0683462
12846.9   0.0417265
12854.4   0.0375635
12862   0.0755288
12869.5   0.0340513
12877   0.0532814
12884.6   0.0557784
12892.1   0.0343455
12899.7   0.0772595
12907.2   0.0390272
12914.8   0.0454859
12922.3   0.0684674
12929.9   0.0345389
12937.5   0.0729605
12945   0.0439521
12952.6   0.0432229
12960.2   0.0756555
12967.8   0.0357079
12975.4   0.0726242
12983   0.0463557
12990.6   0.044512
12998.2   0.0773674
13005.8   0.0369221
13013.4   0.0784045
13021   0.0453868
13028.7   0.0495858
13036.3   0.0727639
13043.9   0.0387406
13051.6   0.0886078
13059.2   0.0423775
13066.9   0.0612701
13074.5   0.0614325
13082.2   0.0436222
13089.8   0.0907803
13097.5   0.0405146
13105.2   0.083574
13112.8   0.0489514
13120.5   0.0574705
13128.2   0.0712422
13135.9   0.0446179
13143.6   0.0972378
13151.3   0.0429056
13159   0.0892307
13166.7   0.0503401
13174.4   0.0648545
13182.1   0.0684578
13189.8   0.0503698
13197.5   0.0945967
13205.3   0.0455091
13213   0.105412
13220.7   0.0476668
13228.5   0.0887868
13236.2   0.0565104
13244   0.0686546
13251.7   0.0729017
13259.5   0.0562538
13267.2   0.0952515
13275   0.0506787
13282.8   0.113082
13290.5   0.0499905
13298.3   0.113185
13306.1   0.0532094
13313.9   0.0993992
13321.7   0.0600621
13329.5   0.0839586
13337.3   0.0705222
13345.1   0.0723397
13352.9   0.084254
13360.7   0.0648841
13368.6   0.0999791
13376.4   0.0606483
13384.2   0.115223
13392.1   0.0587255
13399.9   0.127151
13407.8   0.0584459
13415.6   0.134186
13423.5   0.0593223
13431.3   0.136772
13439.2   0.0609782
13447.1   0.136614
13454.9   0.0631007
13462.8   0.135501
13470.7   0.0654196
13478.6   0.134727
13486.5   0.0677049
13494.4   0.135062
13502.3   0.069776
13510.2   0.136923
13518.1   0.0715148
13526   0.140518
13533.9   0.0728799
13541.8   0.1459
13549.8   0.0739163
13557.7   0.152916
13565.6   0.0747619
13573.6   0.161028
13581.5   0.0756511
13589.5   0.169033
13597.4   0.0769197
13605.4   0.174833
13613.4   0.0790201
13621.3   0.175722
13629.3   0.0825595
13637.3   0.169628
13645.3   0.0883774
13653.3   0.156798
13661.3   0.0976758
13669.3   0.140114
13677.3   0.112173
13685.3   0.123441
13693.3   0.134025
13701.3   0.109782
13709.3   0.164413
13717.3   0.100828
13725.4   0.19811
13733.4   0.0975812
13741.5   0.216212
13749.5   0.101299
13757.5   0.201167
13765.6   0.114492
13773.7   0.166292
13781.7   0.141796
13789.8   0.135385
13797.9   0.187701
13805.9   0.117802
13814   0.237937
13822.1   0.114784
13830.2   0.240028
13838.3   0.128607
13846.4   0.191648
13854.5   0.166649
13862.6   0.148771
13870.7   0.233798
13878.9   0.130679
13887   0.277656
13895.1   0.138318
13903.3   0.229201
13911.4   0.179307
13919.5   0.169611
13927.7   0.261995
13935.9   0.146549
13944   0.304157
13952.2   0.162106
13960.3   0.230806
13968.5   0.229038
13976.7   0.172736
13984.9   0.328303
13993.1   0.167118
14001.3   0.290729
14009.5   0.22071
14017.7   0.203686
14025.9   0.338604
14034.1   0.181939
14042.3   0.332905
14050.5   0.233478
14058.7   0.228
14067   0.365951
14075.2   0.201038
14083.5   0.35404
14091.7   0.266969
14100   0.240542
14108.2   0.414662
14116.5   0.226492
14124.7   0.34893
14133   0.331204
14141.3   0.246566
14149.6   0.457216
14157.8   0.271808
14166.1   0.319995
14174.4   0.437672
14182.7   0.263903
14191   0.432746
14199.3   0.367786
14207.7   0.295635
14216   0.519576
14224.3   0.327465
14232.6   0.359922
14241   0.526159
14249.3   0.320425
14257.6   0.445896
14266   0.491066
14274.3   0.337318
14282.7   0.53231
14291.1   0.46058
14299.4   0.370272
14307.8   0.598368
14316.2   0.447721
14324.6   0.412302
14332.9   0.639865
14341.3   0.451035
14349.7   0.456701
14358.1   0.666337
14366.5   0.466638
14375   0.497817
14383.4   0.688199
14391.8   0.491447
14400.2   0.532078
14408.6   0.710552
14417.1   0.523815
14425.5   0.558372
14434   0.733045
14442.4   0.563481
14450.9   0.577937
14459.3   0.751258
14467.8   0.610934
14476.3   0.594184
14484.8   0.758945
14493.2   0.665652
14501.7   0.612442
14510.2   0.752149
14518.7   0.722606
14527.2   0.639105
14535.7   0.734042
14544.2   0.768552
14552.7   0.679178
14561.3   0.716134
14569.8   0.78581
14578.3   0.730298
14586.8   0.71359
14595.4   0.770261
14603.9   0.773654
14612.5   0.736788
14621   0.744403
14629.6   0.779089
14638.2   0.777641
14646.7   0.74178
14655.3   0.745225
14663.9   0.794455
14672.5   0.778224
14681.1   0.718262
14689.7   0.749288
14698.3   0.816236
14706.9   0.745742
14715.5   0.68765
14724.1   0.769596
14732.7   0.81555
14741.3   0.691188
14750   0.666383
14758.6   0.793414
14767.3   0.783605
14775.9   0.635678
14784.6   0.651568
14793.2   0.805265
14801.9   0.73631
14810.5   0.586817
14819.2   0.632763
14827.9   0.799988
14836.6   0.692106
14845.3   0.543717
14853.9   0.600848
14862.6   0.779652
14871.3   0.662372
14880.1   0.505647
14888.8   0.552079
14897.5   0.742476
14906.2   0.653804
14914.9   0.476232
14923.7   0.490457
14932.4   0.676846
14941.1   0.668118
14949.9   0.46461
14958.6   0.428531
14967.4   0.573847
14976.2   0.686208
14984.9   0.485393
14993.7   0.384394
15002.5   0.454149
15011.3   0.640873
15020.1   0.551948
15028.9   0.378545
15037.7   0.360658
15046.5   0.493946
15055.3   0.615379
15064.1   0.437228
15072.9   0.324273
15081.7   0.350156
15090.6   0.506013
15099.4   0.553083
15108.2   0.371333
15117.1   0.290583
15125.9   0.329405
15134.8   0.480773
15143.7   0.509808
15152.5   0.340463
15161.4   0.264595
15170.3   0.292319
15179.1   0.422557
15188   0.491486
15196.9   0.340584
15205.8   0.248039
15214.7   0.248105
15223.6   0.33644
15232.6   0.460832
15241.5   0.378237
15250.4   0.254188
15259.3   0.21535
15268.3   0.24847
15277.2   0.357175
15286.1   0.424887
15295.1   0.30873
15304   0.216956
15313   0.195398
15322   0.232767
15330.9   0.332987
15339.9   0.391342
15348.9   0.289738
15357.9   0.20319
15366.9   0.176318
15375.9   0.197182
15384.9   0.270474
15393.9   0.358003
15402.9   0.313641
15411.9   0.216702
15420.9   0.16768
15430   0.161126
15439   0.192361
15448   0.265947
15457.1   0.331183
15466.1   0.280095
15475.2   0.197401
15484.3   0.153754
15493.3   0.143991
15502.4   0.162847
15511.5   0.214362
15520.6   0.285288
15529.6   0.292017
15538.7   0.221852
15547.8   0.162686
15556.9   0.134539
15566   0.130124
15575.2   0.146771
15584.3   0.187589
15593.4   0.247001
15602.5   0.274303
15611.7   0.230305
15620.8   0.171686
15630   0.134605
15639.1   0.118116
15648.3   0.11729
15657.4   0.13104
15666.6   0.161394
15675.8   0.207141
15684.9   0.24533
15694.1   0.236287
15703.3   0.19072
15712.5   0.147869
15721.7   0.120577
15730.9   0.106777
15740.1   0.10329
15749.3   0.108784
15758.6   0.123668
15767.8   0.149034
15777   0.183198
15786.3   0.214325
15795.5   0.220953
15804.7   0.197544
15814   0.162813
15823.3   0.132893
15832.5   0.112014
15841.8   0.0991269
15851.1   0.0924633
15860.4   0.0907912
15869.6   0.0935243
15878.9   0.100585
15888.2   0.112197
15897.5   0.128514
15906.8   0.148864
15916.2   0.170546
15925.5   0.188074
15934.8   0.195063
15944.1   0.188918
15953.5   0.173024
15962.8   0.153377
15972.1   0.134528
15981.5   0.11855
15990.9   0.105865
16000.2   0.0961753
16009.6   0.0889803
16019   0.0837991
16028.3   0.0802331
16037.7   0.0779698
16047.1   0.0767687
16056.5   0.0764432
16065.9   0.0768445
16075.3   0.0778492
16084.7   0.0793494
16094.1   0.0812458
16103.6   0.0834431
16113   0.0858469
16122.4   0.0883633
16131.9   0.0908992
16141.3   0.0933638
16150.8   0.0956717
16160.2   0.0977444
16169.7   0.0995136
16179.2   0.100922
16188.6   0.101925
16198.1   0.10249
16207.6   0.102597
16217.1   0.102238
16226.6   0.101413
16236.1   0.100137
16245.6   0.0984313
16255.1   0.0963306
16264.6   0.0938788
16274.1   0.0911304
16283.7   0.0881495
16293.2   0.0850082
16302.7   0.0817849
16312.3   0.0785613
16321.8   0.0754202
16331.4   0.0724426
16340.9   0.0697071
16350.5   0.0672886
16360.1   0.0652597
16369.7   0.0636933
16379.3   0.0626664
16388.8   0.0622662
16398.4   0.062598
16408   0.0637949
16417.6   0.0660304
16427.3   0.0695314
16436.9   0.0745875
16446.5   0.0815425
16456.1   0.0907313
16465.8   0.102282
16475.4   0.115657
16485.1   0.128897
16494.7   0.13815
16504.4   0.139028
16514   0.130119
16523.7   0.114693
16533.4   0.097843
16543   0.0830998
16552.7   0.0717992
16562.4   0.0640174
16572.1   0.0594474
16581.8   0.0578578
16591.5   0.0592964
16601.3   0.0642038
16611   0.0734711
16620.7   0.0881997
16630.4   0.108196
16640.2   0.1277
16649.9   0.133274
16659.7   0.11863
16669.4   0.0955809
16679.2   0.0761766
16688.9   0.0636449
16698.7   0.0573102
16708.5   0.0563298
16718.3   0.0608147
16728.1   0.0721065
16737.8   0.0921342
16747.6   0.118101
16757.5   0.130824
16767.3   0.113666
16777.1   0.0863219
16786.9   0.066898
16796.7   0.0571776
16806.6   0.0553958
16816.4   0.0613969
16826.3   0.0774053
16836.1   0.105143
16846   0.128651
16855.8   0.115139
16865.7   0.0841014
16875.6   0.0635074
16885.5   0.0551869
16895.3   0.0568717
16905.2   0.0697395
16915.1   0.0974421
16925   0.126883
16934.9   0.113649
16944.9   0.0797477
16954.8   0.0599628
16964.7   0.0544867
16974.6   0.0613973
16984.6   0.08433
16994.5   0.120508
17004.5   0.119557
17014.4   0.0824817
17024.4   0.0599575
17034.4   0.0546093
17044.3   0.0642691
17054.3   0.0939103
17064.3   0.127873
17074.3   0.103451
17084.3   0.068389
17094.3   0.0551552
17104.3   0.0595469
17114.3   0.0849108
17124.3   0.12552
17134.4   0.108117
17144.4   0.0693951
17154.4   0.0553015
17164.5   0.0614797
17174.5   0.0925108
17184.6   0.129666
17194.6   0.0949505
17204.7   0.062088
17214.8   0.0558917
17224.9   0.0732928
17234.9   0.11884
17245   0.115381
17255.1   0.07064
17265.2   0.0559272
17275.3   0.0671078
17285.5   0.110629
17295.6   0.122756
17305.7   0.0740996
17315.8   0.0565918
17326   0.0680891
17336.1   0.114906
17346.3   0.11906
17356.4   0.0701244
17366.6   0.0572373
17376.8   0.0767524
17386.9   0.129872
17397.1   0.101708
17407.3   0.0623397
17417.5   0.0616113
17427.7   0.100317
17437.9   0.13176
17448.1   0.0763581
17458.3   0.0586794
17468.5   0.0801155
17478.8   0.13664
17489   0.0934676
17499.2   0.0606329
17509.5   0.071328
17519.7   0.129176
17530   0.106866
17540.3   0.0634887
17550.5   0.0687742
17560.8   0.125544
17571.1   0.112462
17581.4   0.0649225
17591.7   0.0701137
17602   0.130141
17612.3   0.109187
17622.6   0.0644594
17632.9   0.0757018
17643.2   0.141687
17653.6   0.0976066
17663.9   0.0637219
17674.2   0.0888773
17684.6   0.148701
17694.9   0.0819505
17705.3   0.0664012
17715.7   0.116305
17726   0.12921
17736.4   0.0696776
17746.8   0.079424
17757.2   0.15221
17767.6   0.09322
17778   0.067923
17788.4   0.11673
17798.8   0.1337
17809.2   0.0713887
17819.7   0.087602
17830.1   0.16039
17840.5   0.0856061
17851   0.0749241
17861.4   0.148559
17871.9   0.108227
17882.4   0.0717998
17892.8   0.125081
17903.3   0.134014
17913.8   0.0737958
17924.3   0.108308
17934.8   0.155348
17945.3   0.0782217
17955.8   0.0992558
17966.3   0.16848
17976.8   0.083046
17987.3   0.0956993
17997.9   0.175504
18008.4   0.0867037
18018.9   0.0961451
18029.5   0.179631
18040.1   0.088315
18050.6   0.10026
18061.2   0.181275
18071.8   0.0879218
18082.3   0.108936
18092.9   0.177284
18103.5   0.086559
18114.1   0.124484
18124.7   0.163503
18135.3   0.0861759
18146   0.150315
18156.6   0.140738
18167.2   0.0896777
18177.9   0.185778
18188.5   0.116731
18199.1   0.101709
18209.8   0.20714
18220.5   0.0998309
18231.1   0.13075
18241.8   0.178839
18252.5   0.0952803
18263.2   0.18584
18273.9   0.131267
18284.6   0.109579
18295.3   0.221241
18306   0.104622
18316.7   0.158679
18327.4   0.165377
18338.2   0.107215
18348.9   0.232152
18359.6   0.115954
18370.4   0.154082
18381.1   0.184426
18391.9   0.112218
18402.7   0.243846
18413.4   0.121359
18424.2   0.170264
18435   0.181312
18445.8   0.123242
18456.6   0.258278
18467.4   0.121527
18478.2   0.214049
18489   0.159037
18499.9   0.150246
18510.7   0.237046
18521.5   0.127811
18532.4   0.277799
18543.2   0.136798
18554.1   0.221192
18565   0.17605
18575.8   0.166826
18586.7   0.245358
18597.6   0.143602
18608.5   0.302972
18619.4   0.143684
18630.3   0.286933
18641.2   0.162871
18652.1   0.234226
18663   0.201118
18673.9   0.193691
18684.9   0.256183
18695.8   0.172227
18706.8   0.313897
18717.7   0.165119
18728.7   0.348919
18739.6   0.168265
18750.6   0.349687
18761.6   0.179092
18772.6   0.329369
18783.6   0.195751
18794.6   0.305226
18805.6   0.216476
18816.6   0.285881
18827.6   0.239295
18838.6   0.273429
18849.6   0.262096
18860.7   0.267478
18871.7   0.2829
18882.8   0.267161
18893.8   0.300127
18904.9   0.271854
18916   0.312699
18927   0.281396
18938.1   0.320026
18949.2   0.296182
18960.3   0.321988
18971.4   0.317203
18982.5   0.319038
18993.6   0.346018
19004.7   0.312348
19015.9   0.384443
19027   0.303885
19038.1   0.433371
19049.3   0.296317
19060.4   0.489623
19071.6   0.292865
19082.8   0.540554
19093.9   0.297329
19105.1   0.562835
19116.3   0.314536
19127.5   0.539285
19138.7   0.351205
19149.9   0.481811
19161.1   0.416194
19172.3   0.421272
19183.6   0.514515
19194.8   0.381105
19206   0.620198
19217.3   0.372869
19228.5   0.651499
19239.8   0.405986
19251.1   0.577039
19262.3   0.49396
19273.6   0.483895
19284.9   0.633447
19296.2   0.438946
19307.5   0.722387
19318.8   0.462599
19330.1   0.647963
19341.4   0.569368
19352.7   0.535514
19364.1   0.730027
19375.4   0.500771
19386.8   0.757189
19398.1   0.571601
19409.5   0.629278
19420.8   0.736752
19432.2   0.55855
19443.6   0.808057
19455   0.617044
19466.3   0.683805
19477.7   0.782288
19489.2   0.613256
19500.6   0.827415
19512   0.692638
19523.4   0.70124
19534.8   0.845241
19546.3   0.673113
19557.7   0.809251
19569.2   0.794222
19580.6   0.712252
19592.1   0.865635
19603.6   0.764173
19615   0.770747
19626.5   0.86959
19638   0.766858
19649.5   0.815108
19661   0.860029
19672.5   0.785509
19684   0.83406
19695.6   0.857961
19707.1   0.803519
19718.6   0.83398
19730.2   0.864955
19741.7   0.812708
19753.3   0.823187
19764.9   0.876089
19776.4   0.81308
19788   0.805002
19799.6   0.886184
19811.2   0.809255
19822.8   0.779261
19834.4   0.890202
19846   0.807691
19857.6   0.746034
19869.3   0.880955
19880.9   0.815369
19892.5   0.708948
19904.2   0.848001
19915.8   0.837535
19927.5   0.677068
19939.2   0.783588
19950.8   0.86977
19962.5   0.664753
19974.2   0.695966
19985.9   0.8807
19997.6   0.689607
20009.3   0.613506
20021   0.814274
20032.7   0.762496
20044.5   0.570642
20056.2   0.672508
20068   0.836292
20079.7   0.598485
20091.5   0.545774
20103.2   0.760316
20115   0.7149
20126.8   0.505125
20138.6   0.567819
20150.3   0.786619
20162.1   0.588626
20174   0.459677
20185.8   0.593971
20197.6   0.74679
20209.4   0.505434
20221.2   0.431043
20233.1   0.596026
20244.9   0.695379
20256.8   0.456512
20268.6   0.401643
20280.5   0.564238
20292.4   0.663649
20304.3   0.433371
20316.2   0.367604
20328   0.499202
20339.9   0.648128
20351.9   0.438966
20363.8   0.337061
20375.7   0.411847
20387.6   0.605938
20399.6   0.48564
20411.5   0.327493
20423.5   0.330021
20435.4   0.483931
20447.4   0.559982
20459.4   0.366856
20471.3   0.286247
20483.3   0.338427
20495.3   0.507826
20507.3   0.482646
20519.3   0.312629
20531.3   0.262919
20543.4   0.324542
20555.4   0.481601
20567.4   0.450993
20579.5   0.294613
20591.5   0.241561
20603.6   0.281668
20615.6   0.415035
20627.7   0.460161
20639.8   0.313268
20651.9   0.230783
20664   0.230559
20676.1   0.308013
20688.2   0.433105
20700.3   0.386738
20712.4   0.260277
20724.5   0.206489
20736.7   0.215689
20748.8   0.288009
20760.9   0.399079
20773.1   0.373312
20785.3   0.25797
20797.4   0.196617
20809.6   0.1881
20821.8   0.226012
20834   0.314274
20846.2   0.383429
20858.4   0.315195
20870.6   0.223113
20882.8   0.177855
20895   0.171293
20907.3   0.198731
20919.5   0.264398
20931.8   0.342508
20944   0.333825
20956.3   0.251534
20968.6   0.188352
20980.8   0.159194
20993.1   0.155935
21005.4   0.175901
21017.7   0.221906
21030   0.287882
21042.3   0.325129
21054.6   0.286744
21067   0.220815
21079.3   0.173081
21091.7   0.14782
21104   0.139733
21116.4   0.145814
21128.7   0.166174
21141.1   0.202184
21153.5   0.250288
21165.9   0.289943
21178.2   0.290008
21190.6   0.251575
21203.1   0.204908
21215.5   0.168316
21227.9   0.144392
21240.3   0.130798
21252.8   0.125172
21265.2   0.126091
21277.6   0.132976
21290.1   0.145798
21302.6   0.16466
21315   0.189073
21327.5   0.216823
21340   0.242897
21352.5   0.260189
21365   0.263261
21377.5   0.252285
21390   0.232405
21402.6   0.209642
21415.1   0.188054
21427.6   0.169458
21440.2   0.154245
21452.7   0.142149
21465.3   0.132691
21477.9   0.125374
21490.4   0.119763
21503   0.115493
21515.6   0.112268
21528.2   0.109848
21540.8   0.108039
21553.4   0.106682
21566   0.105649
21578.7   0.10484
21591.3   0.104173
21603.9   0.103592
21616.6   0.103058
21629.2   0.102553
21641.9   0.102078
21654.6   0.101651
21667.3   0.10131
21679.9   0.10111
21692.6   0.101124
21705.3   0.101447
21718   0.102193
21730.8   0.1035
21743.5   0.105539
21756.2   0.108515
21769   0.112681
21781.7   0.118345
21794.5   0.125872
21807.2   0.135667
21820   0.1481
21832.8   0.163308
21845.5   0.18077
21858.3   0.198601
21871.1   0.212911
21883.9   0.218401
21896.8   0.211327
21909.6   0.192884
21922.4   0.16867
21935.2   0.144671
21948.1   0.124496
21960.9   0.109394
21973.8   0.0993892
21986.7   0.0942129
21999.5   0.0938226
22012.4   0.0986983
22025.3   0.110047
22038.2   0.129768
22051.1   0.159128
22064   0.193212
22076.9   0.212567
22089.8   0.197598
22102.8   0.160957
22115.7   0.127042
22128.7   0.104841
22141.6   0.0939396
22154.6   0.092989
22167.6   0.102536
22180.5   0.125649
22193.5   0.165079
22206.5   0.205714
22219.5   0.201959
22232.5   0.157074
22245.6   0.117708
22258.6   0.0970896
22271.6   0.0925298
22284.7   0.103451
22297.7   0.134503
22310.8   0.186267
22323.8   0.211166
22336.9   0.166601
22350   0.118707
22363.1   0.0960902
22376.1   0.0949195
22389.2   0.115903
22402.4   0.166241
22415.5   0.214
22428.6   0.1752
22441.7   0.119719
22454.9   0.0959223
22468   0.0990987
22481.2   0.132447
22494.3   0.198139
22507.5   0.202838
22520.7   0.135667
22533.9   0.100029
22547.1   0.098937
22560.3   0.133471
22573.5   0.205444
22586.7   0.195909
22599.9   0.125268
22613.1   0.0979678
22626.4   0.109942
22639.6   0.169785
22652.9   0.222599
22666.2   0.149645
22679.4   0.103591
22692.7   0.105929
22706   0.1604
22719.3   0.228224
22732.6   0.154284
22745.9   0.10502
22759.2   0.111188
22772.5   0.178851
22785.9   0.225388
22799.2   0.136822
22812.6   0.103838
22825.9   0.132001
22839.3   0.225508
22852.7   0.184602
22866   0.11345
22879.4   0.115431
22892.8   0.194571
22906.2   0.222001
22919.6   0.127127
22933.1   0.112291
22946.5   0.179563
22959.9   0.238906
22973.4   0.135431
22986.8   0.114445
23000.3   0.184115
23013.7   0.241325
23027.2   0.134076
23040.7   0.120624
23054.2   0.209572
23067.7   0.224751
23081.2   0.126246
23094.7   0.136457
23108.2   0.25458
23121.8   0.184597
23135.3   0.121961
23148.8   0.178078
23162.4   0.266906
23175.9   0.143376
23189.5   0.137807
23203.1   0.262658
23216.7   0.193575
23230.3   0.12962
23243.9   0.20863
23257.5   0.25618
23271.1   0.138653
23284.7   0.17321
23298.4   0.296463
23312   0.156901
23325.7   0.157458
23339.3   0.304734
23353   0.177662
23366.6   0.152984
23380.3   0.302183
23394   0.194556
23407.7   0.154662
23421.4   0.305508
23435.1   0.203045
23448.9   0.16045
23462.6   0.319953
23476.3   0.201643
23490.1   0.171132
23503.8   0.342022
23517.6   0.192427
23531.4   0.190868
23545.1   0.354563
23558.9   0.181092
23572.7   0.228615
23586.5   0.329923
23600.3   0.176062
23614.1   0.297432
23628   0.270208
23641.8   0.188671
23655.6   0.382482
23669.5   0.215929
23683.3   0.238845
23697.2   0.368437
23711.1   0.196158
23725   0.354665
23738.9   0.265704
23752.8   0.230963
23766.7   0.418994
23780.6   0.213841
23794.5   0.362833
23808.4   0.290092
23822.4   0.251325
23836.3   0.437201
23850.3   0.228871
23864.3   0.425256
23878.2   0.279866
23892.2   0.308744
23906.2   0.402688
23920.2   0.255847
23934.2   0.502974
23948.2   0.262368
23962.2   0.445733
23976.3   0.319302
23990.3   0.351872
24004.3   0.422493
24018.4   0.301911
24032.5   0.530594
24046.5   0.291885
24060.6   0.563782
24074.7   0.311412
24088.8   0.519311
24102.9   0.354633
24117   0.459307
24131.1   0.416159
24145.3   0.415935
24159.4   0.487299
24173.5   0.392453
24187.7   0.556365
24201.9   0.384355
24216   0.613659
24230.2   0.386876
24244.4   0.656105
24258.6   0.396319
24272.8   0.686519
24287   0.410071
24301.2   0.709474
24315.5   0.426562
24329.7   0.727938
24343.9   0.445311
24358.2   0.74195
24372.4   0.467034
24386.7   0.748753
24401   0.493732
24415.3   0.744134
24429.6   0.52874
24443.9   0.72515
24458.2   0.576517
24472.5   0.693348
24486.8   0.641536
24501.2   0.656101
24515.5   0.724401
24529.9   0.624693
24544.2   0.812651
24558.6   0.611185
24573   0.871818
24587.4   0.626852
24601.8   0.865015
24616.2   0.681372
24630.6   0.802146
24645   0.775554
24659.4   0.736418
24673.9   0.876701
24688.3   0.713001
24702.8   0.909581
24717.2   0.751597
24731.7   0.853615
24746.2   0.841565
24760.7   0.791404
24775.2   0.912644
24789.7   0.792439
24804.2   0.889669
24818.7   0.857986
24833.3   0.834284
24847.8   0.908594
24862.3   0.839861
24876.9   0.875694
24891.5   0.894616
24906   0.845108
24920.6   0.890914
24935.2   0.887408
24949.8   0.839198
24964.4   0.907726
24979   0.866759
24993.7   0.831583
25008.3   0.926268
25022.9   0.825988
25037.6   0.836953
25052.3   0.926822
25066.9   0.780334
25081.6   0.852777
25096.3   0.902921
25111   0.740485
25125.7   0.867638
25140.4   0.865968
25155.1   0.706082
25169.8   0.871567
25184.6   0.830756
25199.3   0.672493
25214.1   0.858684
25228.8   0.807725
25243.6   0.636982
25258.4   0.82389
25273.2   0.803657
25288   0.602113
25302.8   0.761243
25317.6   0.820986
25332.4   0.577094
25347.3   0.671471
25362.1   0.845728
25376.9   0.577826
25391.8   0.573269
25406.7   0.823166
25421.5   0.625714
25436.4   0.499311
25451.3   0.695404
25466.2   0.727954
25481.1   0.48245
25496.1   0.528315
25511   0.768101
25525.9   0.558427
25540.9   0.432595
25555.8   0.586346
25570.8   0.71291
25585.8   0.457919
25600.7   0.41553
25615.7   0.615424
25630.7   0.634354
25645.7   0.405449
25660.7   0.396123
25675.8   0.598244
25690.8   0.593563
25705.8   0.379105
25720.9   0.362374
25736   0.537591
25751   0.595006
25766.1   0.378336
25781.2   0.323051
25796.3   0.437356
25811.4   0.599938
25826.5   0.422446
25841.6   0.302374
25856.7   0.331647
25871.9   0.499616
25887   0.524421
25902.2   0.338751
25917.4   0.274137
25932.5   0.329817
25947.7   0.492892
25962.9   0.478343
25978.1   0.312676
25993.3   0.253414
26008.5   0.292314
26023.8   0.42886
26039   0.484833
26054.2   0.334991
26069.5   0.245133
26084.8   0.2403
26100   0.313252
26115.3   0.444136
26130.6   0.42523
26145.9   0.291809
26161.2   0.223738
26176.5   0.220058
26191.9   0.275079
26207.2   0.385948
26222.5   0.428543
26237.9   0.32323
26253.3   0.233293
26268.6   0.198836
26284   0.207419
26299.4   0.258879
26314.8   0.350703
26330.2   0.404432
26345.6   0.336839
26361   0.247536
26376.5   0.196946
26391.9   0.180527
26407.4   0.191237
26422.8   0.229655
26438.3   0.296364
26453.8   0.363123
26469.3   0.362531
26484.8   0.296776
26500.3   0.230719
26515.8   0.188828
26531.3   0.168406
26546.9   0.164297
26562.4   0.174175
26577.9   0.198143
26593.5   0.236709
26609.1   0.285806
26624.7   0.329078
26640.3   0.341488
26655.8   0.315978
26671.5   0.271937
26687.1   0.229546
26702.7   0.196726
26718.3   0.173825
26734   0.159005
26749.6   0.150398
26765.3   0.146603
26781   0.146649
26796.6   0.14987
26812.3   0.155775
26828   0.16395
26843.7   0.173978
26859.5   0.18539
26875.2   0.197644
26890.9   0.210135
26906.7   0.222243
26922.4   0.233399
26938.2   0.24315
26953.9   0.251195
26969.7   0.257398
26985.5   0.261749
27001.3   0.264319
27017.1   0.265203
27032.9   0.26447
27048.8   0.262144
27064.6   0.258199
27080.5   0.252573
27096.3   0.245219
27112.2   0.236144
27128.1   0.225473
27143.9   0.213476
27159.8   0.200571
27175.7   0.187293
27191.6   0.174232
27207.6   0.161963
27223.5   0.150998
27239.4   0.141761
27255.4   0.134605
27271.3   0.129855
27287.3   0.12787
27303.3   0.129129
27319.3   0.134341
27335.3   0.144563
27351.3   0.161272
27367.3   0.186134
27383.3   0.219616
27399.3   0.256911
27415.4   0.282462
27431.4   0.276851
27447.5   0.241255
27463.6   0.197421
27479.6   0.161862
27495.7   0.138989
27511.8   0.128151
27527.9   0.128707
27544.1   0.141991
27560.2   0.17191
27576.3   0.221715
27592.5   0.275013
27608.6   0.278061
27624.8   0.223701
27641   0.169127
27657.1   0.137953
27673.3   0.128631
27689.5   0.139988
27705.8   0.177475
27722   0.244869
27738.2   0.290302
27754.5   0.23952
27770.7   0.171068
27787   0.136664
27803.2   0.133553
27819.5   0.162594
27835.8   0.233649
27852.1   0.296241
27868.4   0.236198
27884.7   0.162586
27901   0.135238
27917.4   0.148348
27933.7   0.211024
27950.1   0.299174
27966.4   0.249692
27982.8   0.165276
27999.2   0.138504
28015.6   0.16341
28032   0.252972
28048.4   0.304167
28064.8   0.201825
28081.3   0.146374
28097.7   0.156004
28114.2   0.239634
28130.6   0.31734
28147.1   0.209336
28163.6   0.149913
28180.1   0.168041
28196.6   0.275085
28213.1   0.30417
28229.6   0.184052
28246.1   0.153596
28262.7   0.215566
28279.2   0.338867
28295.8   0.230015
28312.3   0.159414
28328.9   0.194724
28345.5   0.335484
28362.1   0.260409
28378.7   0.16754
28395.3   0.197195
28411.9   0.346658
28428.6   0.261397
28445.2   0.171654
28461.9   0.220734
28478.5   0.373101
28495.2   0.23432
28511.9   0.178318
28528.6   0.281514
28545.3   0.356896
28562   0.199782
28578.7   0.210356
28595.5   0.386284
28612.2   0.265633
28629   0.19316
28645.7   0.319376
28662.5   0.352321
28679.3   0.203678
28696.1   0.269713
28712.9   0.415974
28729.7   0.226645
28746.5   0.249032
28763.3   0.443321
28780.2   0.250553
28797   0.246516
28813.9   0.457517
28830.8   0.266544
28847.6   0.256198
28864.5   0.474968
28881.4   0.270782
28898.3   0.278728
28915.3   0.490045
28932.2   0.266112
28949.1   0.322275
28966.1   0.475777
28983   0.262285
29000   0.402667
