2000 
    Freq test
9000   1.16591E-7
9005.27   1.65118E-7
9010.54   2.483E-7
9015.82   1.16893E-7
9021.1   1.65097E-7
9026.38   2.51726E-7
9031.66   1.18121E-7
9036.95   1.61241E-7
9042.24   2.59745E-7
9047.54   1.20573E-7
9052.83   1.54117E-7
9058.13   2.70837E-7
9063.44   1.24934E-7
9068.74   1.44799E-7
9074.05   2.81108E-7
9079.37   1.3237E-7
9084.68   1.34741E-7
9090   2.83327E-7
9095.32   1.44729E-7
9100.65   1.25573E-7
9105.98   2.69355E-7
9111.31   1.648E-7
9116.64   1.18933E-7
9121.98   2.37701E-7
9127.32   1.9614E-7
9132.67   1.16516E-7
9138.01   1.9749E-7
9143.36   2.39883E-7
9148.72   1.20471E-7
9154.07   1.60806E-7
9159.43   2.81875E-7
9164.8   1.34313E-7
9170.16   1.34497E-7
9175.53   2.82304E-7
9180.9   1.64332E-7
9186.28   1.20471E-7
9191.66   2.29914E-7
9197.04   2.18509E-7
9202.42   1.1977E-7
9207.81   1.70859E-7
9213.2   2.82512E-7
9218.6   1.36465E-7
9224   1.336E-7
9229.4   2.76851E-7
9234.8   1.81337E-7
9240.21   1.19779E-7
9245.62   2.00564E-7
9251.03   2.61E-7
9256.45   1.2955E-7
9261.87   1.42897E-7
9267.29   2.89892E-7
9272.72   1.73933E-7
9278.15   1.21247E-7
9283.58   2.05015E-7
9289.01   2.64976E-7
9294.45   1.32483E-7
9299.89   1.3975E-7
9305.34   2.82761E-7
9310.79   1.91213E-7
9316.24   1.21804E-7
9321.69   1.81914E-7
9327.15   2.93339E-7
9332.61   1.48283E-7
9338.08   1.28358E-7
9343.54   2.40451E-7
9349.01   2.43255E-7
9354.49   1.29663E-7
9359.96   1.46329E-7
9365.45   2.89564E-7
9370.93   1.96962E-7
9376.42   1.23961E-7
9381.91   1.71362E-7
9387.4   3.05312E-7
9392.89   1.68757E-7
9398.39   1.24765E-7
9403.9   1.97862E-7
9409.4   2.96184E-7
9414.91   1.53637E-7
9420.42   1.28159E-7
9425.94   2.19728E-7
9431.46   2.82655E-7
9436.98   1.46568E-7
9442.51   1.31437E-7
9448.04   2.32659E-7
9453.57   2.75797E-7
9459.1   1.4476E-7
9464.64   1.32912E-7
9470.18   2.34858E-7
9475.73   2.78901E-7
9481.28   1.47304E-7
9486.83   1.32102E-7
9492.38   2.26029E-7
9497.94   2.91637E-7
9503.5   1.54982E-7
9509.06   1.29843E-7
9514.63   2.07274E-7
9520.2   3.08984E-7
9525.78   1.70507E-7
9531.35   1.28206E-7
9536.93   1.82263E-7
9542.52   3.15685E-7
9548.11   1.99073E-7
9553.7   1.30443E-7
9559.29   1.57103E-7
9564.89   2.89755E-7
9570.49   2.47109E-7
9576.09   1.4157E-7
9581.7   1.38072E-7
9587.31   2.32822E-7
9592.92   3.05994E-7
9598.54   1.70486E-7
9604.16   1.30303E-7
9609.78   1.76107E-7
9615.41   3.1165E-7
9621.04   2.3202E-7
9626.67   1.40111E-7
9632.31   1.40952E-7
9637.95   2.34022E-7
9643.59   3.14749E-7
9649.24   1.81753E-7
9654.88   1.32249E-7
9660.54   1.62457E-7
9666.19   2.87558E-7
9671.85   2.76574E-7
9677.52   1.5835E-7
9683.18   1.33573E-7
9688.85   1.85253E-7
9694.52   3.16565E-7
9700.2   2.48017E-7
9705.88   1.49206E-7
9711.56   1.36932E-7
9717.25   2.00109E-7
9722.94   3.26177E-7
9728.63   2.38494E-7
9734.33   1.47788E-7
9740.03   1.38401E-7
9745.73   2.01375E-7
9751.44   3.26728E-7
9757.15   2.47628E-7
9762.86   1.52529E-7
9768.57   1.37257E-7
9774.29   1.88762E-7
9780.02   3.14743E-7
9785.74   2.76596E-7
9791.47   1.66293E-7
9797.21   1.36204E-7
9802.94   1.67572E-7
9808.68   2.77456E-7
9814.42   3.20527E-7
9820.17   1.97717E-7
9825.92   1.41377E-7
9831.67   1.47248E-7
9837.43   2.1891E-7
9843.19   3.35225E-7
9848.95   2.61697E-7
9854.72   1.64149E-7
9860.49   1.38196E-7
9866.26   1.66536E-7
9872.04   2.65116E-7
9877.82   3.38601E-7
9883.6   2.27794E-7
9889.39   1.53325E-7
9895.18   1.4066E-7
9900.97   1.7963E-7
9906.77   2.85998E-7
9912.57   3.35028E-7
9918.38   2.21908E-7
9924.18   1.53335E-7
9929.99   1.41703E-7
9935.81   1.77954E-7
9941.62   2.77539E-7
9947.44   3.44563E-7
9953.27   2.41864E-7
9959.1   1.63122E-7
9964.93   1.41503E-7
9970.76   1.63291E-7
9976.6   2.40218E-7
9982.44   3.44532E-7
9988.29   2.93722E-7
9994.13   1.92202E-7
9999.99   1.47873E-7
10005.8   1.47126E-7
10011.7   1.88526E-7
10017.6   2.84915E-7
10023.4   3.52644E-7
10029.3   2.64582E-7
10035.2   1.7939E-7
10041   1.46333E-7
10046.9   1.5103E-7
10052.8   1.95248E-7
10058.7   2.89823E-7
10064.6   3.56496E-7
10070.5   2.76713E-7
10076.4   1.89549E-7
10082.3   1.5091E-7
10088.2   1.48002E-7
10094.1   1.78434E-7
10100   2.53111E-7
10105.9   3.48341E-7
10111.8   3.29838E-7
10117.7   2.32626E-7
10123.7   1.70618E-7
10129.6   1.47883E-7
10135.5   1.54354E-7
10141.5   1.92187E-7
10147.4   2.7083E-7
10153.3   3.5666E-7
10159.3   3.31996E-7
10165.2   2.39779E-7
10171.2   1.77705E-7
10177.1   1.51477E-7
10183.1   1.51558E-7
10189.1   1.77224E-7
10195   2.36026E-7
10201   3.24556E-7
10207   3.67315E-7
10212.9   3.02633E-7
10218.9   2.20945E-7
10224.9   1.72138E-7
10230.9   1.52057E-7
10236.9   1.53736E-7
10242.9   1.7706E-7
10248.9   2.27881E-7
10254.9   3.07196E-7
10260.9   3.70423E-7
10266.9   3.42474E-7
10272.9   2.62939E-7
10278.9   2.00383E-7
10284.9   1.65861E-7
10290.9   1.52779E-7
10297   1.5694E-7
10303   1.78874E-7
10309   2.2294E-7
10315.1   2.91351E-7
10321.1   3.61307E-7
10327.2   3.72351E-7
10333.2   3.13691E-7
10339.3   2.43934E-7
10345.3   1.94725E-7
10351.4   1.6687E-7
10357.4   1.55349E-7
10363.5   1.57168E-7
10369.6   1.72172E-7
10375.6   2.02642E-7
10381.7   2.51662E-7
10387.8   3.16293E-7
10393.9   3.72562E-7
10399.9   3.79426E-7
10406   3.32591E-7
10412.1   2.70522E-7
10418.2   2.201E-7
10424.3   1.86403E-7
10430.4   1.66755E-7
10436.5   1.58092E-7
10442.6   1.58668E-7
10448.8   1.68116E-7
10454.9   1.87249E-7
10461   2.1767E-7
10467.1   2.60567E-7
10473.3   3.13377E-7
10479.4   3.64151E-7
10485.5   3.91104E-7
10491.7   3.7947E-7
10497.8   3.38459E-7
10503.9   2.89189E-7
10510.1   2.45712E-7
10516.3   2.12401E-7
10522.4   1.88842E-7
10528.6   1.73366E-7
10534.7   1.64426E-7
10540.9   1.60942E-7
10547.1   1.62294E-7
10553.3   1.68257E-7
10559.4   1.78918E-7
10565.6   1.94583E-7
10571.8   2.15654E-7
10578   2.42378E-7
10584.2   2.74427E-7
10590.4   3.10252E-7
10596.6   3.46421E-7
10602.8   3.77554E-7
10609   3.97643E-7
10615.2   4.02661E-7
10621.4   3.92661E-7
10627.6   3.71442E-7
10633.9   3.44272E-7
10640.1   3.15705E-7
10646.3   2.88688E-7
10652.5   2.64678E-7
10658.8   2.4414E-7
10665   2.26993E-7
10671.3   2.12912E-7
10677.5   2.01499E-7
10683.8   1.92358E-7
10690   1.85135E-7
10696.3   1.79524E-7
10702.5   1.75266E-7
10708.8   1.72143E-7
10715.1   1.69969E-7
10721.4   1.68588E-7
10727.6   1.67863E-7
10733.9   1.67677E-7
10740.2   1.67923E-7
10746.5   1.68508E-7
10752.8   1.69344E-7
10759.1   1.70356E-7
10765.4   1.71471E-7
10771.7   1.72626E-7
10778   1.73762E-7
10784.3   1.7483E-7
10790.6   1.75786E-7
10796.9   1.76595E-7
10803.3   1.7723E-7
10809.6   1.77671E-7
10815.9   1.77908E-7
10822.2   1.77942E-7
10828.6   1.7778E-7
10834.9   1.7744E-7
10841.3   1.76947E-7
10847.6   1.76338E-7
10854   1.75656E-7
10860.3   1.74951E-7
10866.7   1.74284E-7
10873   1.73722E-7
10879.4   1.7334E-7
10885.8   1.73221E-7
10892.1   1.73458E-7
10898.5   1.74154E-7
10904.9   1.75426E-7
10911.3   1.77407E-7
10917.7   1.80248E-7
10924.1   1.84129E-7
10930.5   1.89259E-7
10936.9   1.95889E-7
10943.3   2.04318E-7
10949.7   2.14901E-7
10956.1   2.28051E-7
10962.5   2.44225E-7
10968.9   2.63886E-7
10975.3   2.87401E-7
10981.8   3.14827E-7
10988.2   3.45545E-7
10994.6   3.77706E-7
11001.1   4.07683E-7
11007.5   4.30055E-7
11014   4.38913E-7
11020.4   4.30573E-7
11026.9   4.05959E-7
11033.3   3.70344E-7
11039.8   3.30571E-7
11046.2   2.9226E-7
11052.7   2.58724E-7
11059.2   2.313E-7
11065.6   2.10154E-7
11072.1   1.94956E-7
11078.6   1.85305E-7
11085.1   1.80973E-7
11091.6   1.82034E-7
11098.1   1.88981E-7
11104.6   2.02821E-7
11111.1   2.25166E-7
11117.6   2.58112E-7
11124.1   3.03391E-7
11130.6   3.59531E-7
11137.1   4.15975E-7
11143.6   4.4944E-7
11150.2   4.38307E-7
11156.7   3.88022E-7
11163.2   3.24997E-7
11169.8   2.69687E-7
11176.3   2.28947E-7
11182.9   2.02451E-7
11189.4   1.88248E-7
11195.9   1.85049E-7
11202.5   1.92969E-7
11209.1   2.13856E-7
11215.6   2.51398E-7
11222.2   3.09675E-7
11228.8   3.85382E-7
11235.3   4.49388E-7
11241.9   4.50688E-7
11248.5   3.85902E-7
11255.1   3.06464E-7
11261.7   2.4571E-7
11268.3   2.08355E-7
11274.9   1.90611E-7
11281.5   1.89719E-7
11288.1   2.06245E-7
11294.7   2.44658E-7
11301.3   3.11806E-7
11307.9   4.03224E-7
11314.5   4.66081E-7
11321.2   4.29704E-7
11327.8   3.35656E-7
11334.4   2.57198E-7
11341.1   2.11206E-7
11347.7   1.92147E-7
11354.3   1.95849E-7
11361   2.24357E-7
11367.6   2.86178E-7
11374.3   3.85478E-7
11381   4.69852E-7
11387.6   4.33902E-7
11394.3   3.26357E-7
11401   2.44715E-7
11407.6   2.03441E-7
11414.3   1.9376E-7
11421   2.13284E-7
11427.7   2.70056E-7
11434.4   3.74293E-7
11441.1   4.74305E-7
11447.8   4.32671E-7
11454.5   3.13278E-7
11461.2   2.32744E-7
11467.9   1.98902E-7
11474.6   2.01294E-7
11481.3   2.4222E-7
11488   3.36627E-7
11494.8   4.62293E-7
11501.5   4.55744E-7
11508.2   3.26597E-7
11515   2.35602E-7
11521.7   2.00038E-7
11528.5   2.07147E-7
11535.2   2.61918E-7
11542   3.81497E-7
11548.7   4.89896E-7
11555.5   4.0192E-7
11562.2   2.72727E-7
11569   2.10618E-7
11575.8   2.02366E-7
11582.6   2.44929E-7
11589.3   3.58311E-7
11596.1   4.906E-7
11602.9   4.14048E-7
11609.7   2.74501E-7
11616.5   2.1043E-7
11623.3   2.06811E-7
11630.1   2.63118E-7
11636.9   4.01562E-7
11643.7   4.97438E-7
11650.6   3.58918E-7
11657.4   2.40636E-7
11664.2   2.03831E-7
11671   2.30184E-7
11677.9   3.38006E-7
11684.7   4.9534E-7
11691.5   4.14141E-7
11698.4   2.64218E-7
11705.2   2.07863E-7
11712.1   2.23565E-7
11719   3.24485E-7
11725.8   4.94246E-7
11732.7   4.19615E-7
11739.6   2.62875E-7
11746.4   2.08316E-7
11753.3   2.32709E-7
11760.2   3.55669E-7
11767.1   5.1229E-7
11774   3.73644E-7
11780.9   2.38819E-7
11787.8   2.09651E-7
11794.7   2.67805E-7
11801.6   4.42088E-7
11808.5   4.8015E-7
11815.4   2.92207E-7
11822.3   2.14055E-7
11829.2   2.32999E-7
11836.1   3.66604E-7
11843.1   5.19926E-7
11850   3.44287E-7
11857   2.25976E-7
11863.9   2.21859E-7
11870.8   3.31156E-7
11877.8   5.21283E-7
11884.7   3.72519E-7
11891.7   2.3312E-7
11898.7   2.20919E-7
11905.6   3.28533E-7
11912.6   5.25294E-7
11919.6   3.66849E-7
11926.6   2.3033E-7
11933.5   2.27133E-7
11940.5   3.57548E-7
11947.5   5.3027E-7
11954.5   3.29247E-7
11961.5   2.21349E-7
11968.5   2.46633E-7
11975.5   4.27446E-7
11982.5   4.91073E-7
11989.5   2.7549E-7
11996.6   2.18018E-7
12003.6   2.98353E-7
12010.6   5.23911E-7
12017.7   3.81598E-7
12024.7   2.31678E-7
12031.7   2.40692E-7
12038.8   4.19037E-7
12045.8   4.97167E-7
12052.9   2.71783E-7
12059.9   2.22453E-7
12067   3.32051E-7
12074.1   5.45363E-7
12081.1   3.26461E-7
12088.2   2.22741E-7
12095.3   2.85093E-7
12102.4   5.27016E-7
12109.4   3.799E-7
12116.5   2.30172E-7
12123.6   2.63077E-7
12130.7   4.966E-7
12137.8   4.17092E-7
12144.9   2.37301E-7
12152.1   2.55359E-7
12159.2   4.83219E-7
12166.3   4.30437E-7
12173.4   2.39691E-7
12180.5   2.57475E-7
12187.7   4.9383E-7
12194.8   4.18122E-7
12201.9   2.36539E-7
12209.1   2.69971E-7
12216.2   5.26146E-7
12223.4   3.81588E-7
12230.5   2.30965E-7
12237.7   2.98715E-7
12244.9   5.61248E-7
12252   3.29073E-7
12259.2   2.29611E-7
12266.4   3.56622E-7
12273.6   5.46899E-7
12280.8   2.76631E-7
12288   2.42973E-7
12295.1   4.59986E-7
12302.3   4.47404E-7
12309.5   2.40755E-7
12316.8   2.89661E-7
12324   5.68078E-7
12331.2   3.26293E-7
12338.4   2.3486E-7
12345.6   4.04914E-7
12352.9   5.0049E-7
12360.1   2.5119E-7
12367.3   2.80614E-7
12374.6   5.6868E-7
12381.8   3.30494E-7
12389.1   2.38157E-7
12396.3   4.30637E-7
12403.6   4.7119E-7
12410.8   2.4398E-7
12418.1   3.13875E-7
12425.4   5.8122E-7
12432.6   2.86745E-7
12439.9   2.58252E-7
12447.2   5.39377E-7
12454.5   3.6421E-7
12461.8   2.39806E-7
12469.1   4.32385E-7
12476.4   4.64895E-7
12483.7   2.43296E-7
12491   3.50301E-7
12498.3   5.53825E-7
12505.6   2.60769E-7
12513   3.01222E-7
12520.3   5.94308E-7
12527.6   2.86642E-7
12534.9   2.74215E-7
12542.3   5.88062E-7
12549.6   3.15417E-7
12557   2.60346E-7
12564.3   5.63008E-7
12571.7   3.41392E-7
12579   2.54048E-7
12586.4   5.40998E-7
12593.8   3.59567E-7
12601.2   2.52082E-7
12608.5   5.31461E-7
12615.9   3.66627E-7
12623.3   2.52884E-7
12630.7   5.37139E-7
12638.1   3.61401E-7
12645.5   2.56331E-7
12652.9   5.57633E-7
12660.3   3.44958E-7
12667.7   2.63758E-7
12675.1   5.88248E-7
12682.5   3.20613E-7
12690   2.7821E-7
12697.4   6.14282E-7
12704.8   2.93508E-7
12712.3   3.05107E-7
12719.7   6.07181E-7
12727.2   2.69617E-7
12734.6   3.53453E-7
12742.1   5.43727E-7
12749.5   2.54902E-7
12757   4.35813E-7
12764.5   4.41834E-7
12771.9   2.55831E-7
12779.4   5.5299E-7
12786.9   3.45816E-7
12794.4   2.82295E-7
12801.9   6.28891E-7
12809.4   2.82093E-7
12816.9   3.53648E-7
12824.4   5.39861E-7
12831.9   2.56821E-7
12839.4   4.96937E-7
12846.9   3.83099E-7
12854.4   2.76408E-7
12862   6.34969E-7
12869.5   2.8576E-7
12877   3.67446E-7
12884.6   5.16196E-7
12892.1   2.59764E-7
12899.7   5.63637E-7
12907.2   3.36599E-7
12914.8   3.11636E-7
12922.3   6.06389E-7
12929.9   2.64181E-7
12937.5   4.93918E-7
12945   3.80439E-7
12952.6   2.93005E-7
12960.2   6.3752E-7
12967.8   2.70362E-7
12975.4   4.73089E-7
12983   3.94219E-7
12990.6   2.93603E-7
12998.2   6.39743E-7
13005.8   2.70198E-7
13013.4   5.01725E-7
13021   3.71421E-7
13028.7   3.12436E-7
13036.3   6.06926E-7
13043.9   2.67202E-7
13051.6   5.8163E-7
13059.2   3.24875E-7
13066.9   3.65443E-7
13074.5   5.07324E-7
13082.2   2.76793E-7
13089.8   6.63603E-7
13097.5   2.82111E-7
13105.2   4.91066E-7
13112.8   3.74517E-7
13120.5   3.31252E-7
13128.2   5.66689E-7
13135.9   2.74708E-7
13143.6   6.64641E-7
13151.3   2.87085E-7
13159   5.00571E-7
13166.7   3.66085E-7
13174.4   3.52163E-7
13182.1   5.23298E-7
13189.8   2.86701E-7
13197.5   6.71279E-7
13205.3   2.76904E-7
13213   6.12797E-7
13220.7   3.1126E-7
13228.5   4.5611E-7
13236.2   3.93924E-7
13244   3.4835E-7
13251.7   5.26714E-7
13259.5   2.95367E-7
13267.2   6.58839E-7
13275   2.79087E-7
13282.8   6.77625E-7
13290.5   2.89573E-7
13298.3   5.80063E-7
13306.1   3.23847E-7
13313.9   4.66437E-7
13321.7   3.82113E-7
13329.5   3.83679E-7
13337.3   4.63162E-7
13345.1   3.32139E-7
13352.9   5.57742E-7
13360.7   3.02944E-7
13368.6   6.43833E-7
13376.4   2.88877E-7
13384.2   6.95054E-7
13392.1   2.85163E-7
13399.9   7.0095E-7
13407.8   2.88598E-7
13415.6   6.73388E-7
13423.5   2.96818E-7
13431.3   6.31997E-7
13439.2   3.07852E-7
13447.1   5.9102E-7
13454.9   3.19921E-7
13462.8   5.5722E-7
13470.7   3.31391E-7
13478.6   5.32709E-7
13486.5   3.4084E-7
13494.4   5.17617E-7
13502.3   3.47155E-7
13510.2   5.11569E-7
13518.1   3.49635E-7
13526   5.14338E-7
13533.9   3.4806E-7
13541.8   5.2607E-7
13549.8   3.42716E-7
13557.7   5.47258E-7
13565.6   3.34375E-7
13573.6   5.78421E-7
13581.5   3.24229E-7
13589.5   6.19238E-7
13597.4   3.13798E-7
13605.4   6.6661E-7
13613.4   3.04838E-7
13621.3   7.11431E-7
13629.3   2.99316E-7
13637.3   7.36097E-7
13645.3   2.99496E-7
13653.3   7.19707E-7
13661.3   3.08256E-7
13669.3   6.55141E-7
13677.3   3.29677E-7
13685.3   5.60388E-7
13693.3   3.70014E-7
13701.3   4.64442E-7
13709.3   4.38533E-7
13717.3   3.87005E-7
13725.4   5.44632E-7
13733.4   3.3482E-7
13741.5   6.76676E-7
13749.5   3.08489E-7
13757.5   7.52945E-7
13765.6   3.09126E-7
13773.7   6.76629E-7
13781.7   3.43188E-7
13789.8   5.1885E-7
13797.9   4.26914E-7
13805.9   3.93328E-7
13814   5.80719E-7
13822.1   3.26034E-7
13830.2   7.46954E-7
13838.3   3.10523E-7
13846.4   7.01E-7
13854.5   3.4963E-7
13862.6   5.00942E-7
13870.7   4.69291E-7
13878.9   3.64009E-7
13887   6.84387E-7
13895.1   3.14244E-7
13903.3   7.51254E-7
13911.4   3.40446E-7
13919.5   5.27477E-7
13927.7   4.69499E-7
13935.9   3.63219E-7
13944   7.18049E-7
13952.2   3.16348E-7
13960.3   7.10794E-7
13968.5   3.72859E-7
13976.7   4.50559E-7
13984.9   5.81285E-7
13993.1   3.29416E-7
14001.3   7.85289E-7
14009.5   3.40737E-7
14017.7   5.29449E-7
14025.9   5.10193E-7
14034.1   3.46777E-7
14042.3   7.89679E-7
14050.5   3.34384E-7
14058.7   5.6049E-7
14067   5.00566E-7
14075.2   3.50181E-7
14083.5   7.97704E-7
14091.7   3.4156E-7
14100   5.30818E-7
14108.2   5.48132E-7
14116.5   3.38435E-7
14124.7   7.93846E-7
14133   3.69642E-7
14141.3   4.53772E-7
14149.6   6.68908E-7
14157.8   3.28504E-7
14166.1   6.8738E-7
14174.4   4.51099E-7
14182.7   3.7115E-7
14191   8.114E-7
14199.3   3.54074E-7
14207.7   4.9159E-7
14216   6.5322E-7
14224.3   3.32516E-7
14232.6   6.75108E-7
14241   4.86087E-7
14249.3   3.56688E-7
14257.6   8.144E-7
14266   3.94653E-7
14274.3   4.15058E-7
14282.7   7.98929E-7
14291.1   3.53372E-7
14299.4   4.98615E-7
14307.8   6.97085E-7
14316.2   3.39653E-7
14324.6   5.92114E-7
14332.9   6.02199E-7
14341.3   3.40386E-7
14349.7   6.75435E-7
14358.1   5.38968E-7
14366.5   3.47266E-7
14375   7.34136E-7
14383.4   5.03828E-7
14391.8   3.54509E-7
14400.2   7.65513E-7
14408.6   4.9052E-7
14417.1   3.58424E-7
14425.5   7.72687E-7
14434   4.96014E-7
14442.4   3.57686E-7
14450.9   7.56093E-7
14459.3   5.21329E-7
14467.8   3.53549E-7
14476.3   7.11936E-7
14484.8   5.71568E-7
14493.2   3.49767E-7
14501.7   6.39208E-7
14510.2   6.54343E-7
14518.7   3.52464E-7
14527.2   5.48432E-7
14535.7   7.68586E-7
14544.2   3.70749E-7
14552.7   4.59978E-7
14561.3   8.65176E-7
14569.8   4.19426E-7
14578.3   3.92758E-7
14586.8   8.2662E-7
14595.4   5.24475E-7
14603.9   3.58749E-7
14612.5   6.45095E-7
14621   7.1454E-7
14629.6   3.69542E-7
14638.2   4.7056E-7
14646.7   8.83827E-7
14655.3   4.52123E-7
14663.9   3.76733E-7
14672.5   7.32659E-7
14681.1   6.6313E-7
14689.7   3.68146E-7
14698.3   4.84943E-7
14706.9   8.94084E-7
14715.5   4.7233E-7
14724.1   3.72321E-7
14732.7   6.68135E-7
14741.3   7.64867E-7
14750   3.94539E-7
14758.6   4.21784E-7
14767.3   8.38499E-7
14775.9   6.12788E-7
14784.6   3.71238E-7
14793.2   4.90385E-7
14801.9   9.07757E-7
14810.5   5.28127E-7
14819.2   3.701E-7
14827.9   5.50891E-7
14836.6   9.08911E-7
14845.3   4.93073E-7
14853.9   3.74334E-7
14862.6   5.80408E-7
14871.3   9.07422E-7
14880.1   4.91912E-7
14888.8   3.76279E-7
14897.5   5.68768E-7
14906.2   9.23284E-7
14914.9   5.23343E-7
14923.7   3.76895E-7
14932.4   5.20586E-7
14941.1   9.24549E-7
14949.9   6.01079E-7
14958.6   3.86118E-7
14967.4   4.55206E-7
14976.2   8.37953E-7
14984.9   7.49424E-7
14993.7   4.24899E-7
15002.5   4.00736E-7
15011.3   6.53265E-7
15020.1   9.2787E-7
15028.9   5.35511E-7
15037.7   3.85773E-7
15046.5   4.79164E-7
15055.3   8.55775E-7
15064.1   7.84236E-7
15072.9   4.50578E-7
15081.7   3.93129E-7
15090.6   5.65615E-7
15099.4   9.44151E-7
15108.2   6.90185E-7
15117.1   4.25657E-7
15125.9   4.0575E-7
15134.8   6.08062E-7
15143.7   9.62132E-7
15152.5   6.81851E-7
15161.4   4.29845E-7
15170.3   4.05475E-7
15179.1   5.83045E-7
15188   9.4759E-7
15196.9   7.58961E-7
15205.8   4.64982E-7
15214.7   3.97741E-7
15223.6   5.06148E-7
15232.6   8.37458E-7
15241.5   9.19124E-7
15250.4   5.68004E-7
15259.3   4.1206E-7
15268.3   4.27275E-7
15277.2   6.20458E-7
15286.1   9.61572E-7
15295.1   8.16643E-7
15304   5.12625E-7
15313   4.06807E-7
15322   4.46521E-7
15330.9   6.54643E-7
15339.9   9.77154E-7
15348.9   8.34308E-7
15357.9   5.35333E-7
15366.9   4.16395E-7
15375.9   4.30829E-7
15384.9   5.83758E-7
15393.9   8.95928E-7
15402.9   9.67616E-7
15411.9   6.59749E-7
15420.9   4.64858E-7
15430   4.12047E-7
15439   4.67895E-7
15448   6.58183E-7
15457.1   9.58544E-7
15466.1   9.52382E-7
15475.2   6.5936E-7
15484.3   4.76229E-7
15493.3   4.17376E-7
15502.4   4.51286E-7
15511.5   5.90966E-7
15520.6   8.5605E-7
15529.6   1.034E-6
15538.7   8.35464E-7
15547.8   5.86786E-7
15556.9   4.5764E-7
15566   4.21953E-7
15575.2   4.61222E-7
15584.3   5.87841E-7
15593.4   8.19851E-7
15602.5   1.0361E-6
15611.7   9.51559E-7
15620.8   7.04062E-7
15630   5.2927E-7
15639.1   4.45938E-7
15648.3   4.29134E-7
15657.4   4.7015E-7
15666.6   5.7863E-7
15675.8   7.69192E-7
15684.9   9.93116E-7
15694.1   1.05287E-6
15703.3   8.80094E-7
15712.5   6.71911E-7
15721.7   5.32299E-7
15730.9   4.59043E-7
15740.1   4.35061E-7
15749.3   4.52057E-7
15758.6   5.11473E-7
15767.8   6.21819E-7
15777   7.88287E-7
15786.3   9.78151E-7
15795.5   1.08259E-6
15804.7   1.01415E-6
15814   8.44398E-7
15823.3   6.82151E-7
15832.5   5.66054E-7
15841.8   4.93816E-7
15851.1   4.55572E-7
15860.4   4.44039E-7
15869.6   4.5572E-7
15878.9   4.90286E-7
15888.2   5.49744E-7
15897.5   6.37051E-7
15906.8   7.5286E-7
15916.2   8.88721E-7
15925.5   1.0184E-6
15934.8   1.09964E-6
15944.1   1.10058E-6
15953.5   1.02827E-6
15962.8   9.1893E-7
15972.1   8.06621E-7
15981.5   7.09091E-7
15990.9   6.31287E-7
16000.2   5.72121E-7
16009.6   5.28659E-7
16019   4.97904E-7
16028.3   4.77352E-7
16037.7   4.65055E-7
16047.1   4.59541E-7
16056.5   4.59688E-7
16065.9   4.64626E-7
16075.3   4.73648E-7
16084.7   4.86145E-7
16094.1   5.01558E-7
16103.6   5.1934E-7
16113   5.38935E-7
16122.4   5.59767E-7
16131.9   5.81236E-7
16141.3   6.02732E-7
16150.8   6.23645E-7
16160.2   6.43385E-7
16169.7   6.61404E-7
16179.2   6.7721E-7
16188.6   6.90385E-7
16198.1   7.00589E-7
16207.6   7.07569E-7
16217.1   7.11158E-7
16226.6   7.11275E-7
16236.1   7.07929E-7
16245.6   7.01215E-7
16255.1   6.91317E-7
16264.6   6.78513E-7
16274.1   6.63169E-7
16283.7   6.45734E-7
16293.2   6.26733E-7
16302.7   6.06746E-7
16312.3   5.86394E-7
16321.8   5.66316E-7
16331.4   5.47151E-7
16340.9   5.2953E-7
16350.5   5.14068E-7
16360.1   5.01374E-7
16369.7   4.9207E-7
16379.3   4.86824E-7
16388.8   4.86401E-7
16398.4   4.91729E-7
16408   5.0399E-7
16417.6   5.24731E-7
16427.3   5.56007E-7
16436.9   6.00503E-7
16446.5   6.61549E-7
16456.1   7.42741E-7
16465.8   8.46438E-7
16475.4   9.69863E-7
16485.1   1.0978E-6
16494.7   1.19598E-6
16504.4   1.22049E-6
16514   1.15184E-6
16523.7   1.01733E-6
16533.4   8.65832E-7
16543   7.32249E-7
16552.7   6.29825E-7
16562.4   5.59307E-7
16572.1   5.17675E-7
16581.8   5.02593E-7
16591.5   5.14326E-7
16601.3   5.56864E-7
16611   6.38807E-7
16620.7   7.72379E-7
16630.4   9.62261E-7
16640.2   1.1659E-6
16649.9   1.25346E-6
16659.7   1.13422E-6
16669.4   9.12453E-7
16679.2   7.19482E-7
16688.9   5.93642E-7
16698.7   5.28405E-7
16708.5   5.14268E-7
16718.3   5.5107E-7
16728.1   6.5136E-7
16737.8   8.37873E-7
16747.6   1.10251E-6
16757.5   1.27638E-6
16767.3   1.13992E-6
16777.1   8.61416E-7
16786.9   6.55172E-7
16796.7   5.48919E-7
16806.6   5.22499E-7
16816.4   5.71084E-7
16826.3   7.15782E-7
16836.1   9.87241E-7
16846   1.27117E-6
16855.8   1.1916E-6
16865.7   8.67422E-7
16875.6   6.38288E-7
16885.5   5.39767E-7
16895.3   5.43283E-7
16905.2   6.55524E-7
16915.1   9.20969E-7
16925   1.26664E-6
16934.9   1.20555E-6
16944.9   8.40609E-7
16954.8   6.11001E-7
16964.7   5.36678E-7
16974.6   5.88071E-7
16984.6   7.98472E-7
16994.5   1.18809E-6
17004.5   1.28117E-6
17014.4   8.8862E-7
17024.4   6.2068E-7
17034.4   5.42422E-7
17044.3   6.1744E-7
17054.3   8.961E-7
17064.3   1.3109E-6
17074.3   1.13977E-6
17084.3   7.32367E-7
17094.3   5.6173E-7
17104.3   5.80216E-7
17114.3   8.08697E-7
17124.3   1.26728E-6
17134.4   1.20187E-6
17144.4   7.5166E-7
17154.4   5.65448E-7
17164.5   5.97648E-7
17174.5   8.81455E-7
17184.6   1.35137E-6
17194.6   1.06637E-6
17204.7   6.62579E-7
17214.8   5.59479E-7
17224.9   6.99E-7
17234.9   1.16445E-6
17245   1.29118E-6
17255.1   7.74781E-7
17265.2   5.70444E-7
17275.3   6.43501E-7
17285.5   1.0601E-6
17295.6   1.35998E-6
17305.7   8.20073E-7
17315.8   5.78289E-7
17326   6.49378E-7
17336.1   1.09926E-6
17346.3   1.33364E-6
17356.4   7.68175E-7
17366.6   5.74303E-7
17376.8   7.18917E-7
17386.9   1.28154E-6
17397.1   1.1566E-6
17407.3   6.5992E-7
17417.5   5.94777E-7
17427.7   9.26188E-7
17437.9   1.42674E-6
17448.1   8.43893E-7
17458.3   5.85215E-7
17468.5   7.36024E-7
17478.8   1.35561E-6
17489   1.0552E-6
17499.2   6.19475E-7
17509.5   6.59107E-7
17519.7   1.2123E-6
17530   1.20683E-6
17540.3   6.56052E-7
17550.5   6.3526E-7
17560.8   1.14807E-6
17571.1   1.26233E-6
17581.4   6.68218E-7
17591.7   6.39941E-7
17602   1.18205E-6
17612.3   1.22097E-6
17622.6   6.49701E-7
17632.9   6.74124E-7
17643.2   1.3135E-6
17653.6   1.07918E-6
17663.9   6.17652E-7
17674.2   7.65565E-7
17684.6   1.47731E-6
17694.9   8.72473E-7
17705.3   6.08132E-7
17715.7   9.82021E-7
17726   1.39622E-6
17736.4   6.91719E-7
17746.8   6.78906E-7
17757.2   1.37927E-6
17767.6   9.93581E-7
17778   6.14441E-7
17788.4   9.51834E-7
17798.8   1.41755E-6
17809.2   6.86783E-7
17819.7   7.17229E-7
17830.1   1.48895E-6
17840.5   8.69724E-7
17851   6.33475E-7
17861.4   1.21233E-6
17871.9   1.13387E-6
17882.4   6.27954E-7
17892.8   9.66775E-7
17903.3   1.38805E-6
17913.8   6.63849E-7
17924.3   8.24208E-7
17934.8   1.53064E-6
17945.3   7.17252E-7
17955.8   7.51006E-7
17966.3   1.56304E-6
17976.8   7.67625E-7
17987.3   7.18214E-7
17997.9   1.55528E-6
18008.4   7.98118E-7
18018.9   7.10474E-7
18029.5   1.55808E-6
18040.1   7.99258E-7
18050.6   7.22913E-7
18061.2   1.58116E-6
18071.8   7.7157E-7
18082.3   7.59933E-7
18092.9   1.59286E-6
18103.5   7.2563E-7
18114.1   8.36705E-7
18124.7   1.52204E-6
18135.3   6.79523E-7
18146   9.83094E-7
18156.6   1.31694E-6
18167.2   6.55608E-7
18177.9   1.23922E-6
18188.5   1.0391E-6
18199.1   6.8202E-7
18209.8   1.55957E-6
18220.5   8.06955E-7
18231.1   8.06765E-7
18241.8   1.56061E-6
18252.5   6.81764E-7
18263.2   1.12379E-6
18273.9   1.12513E-6
18284.6   6.87665E-7
18295.3   1.60182E-6
18306   7.79204E-7
18316.7   8.98011E-7
18327.4   1.40322E-6
18338.2   6.73857E-7
18348.9   1.45666E-6
18359.6   8.63171E-7
18370.4   8.35254E-7
18381.1   1.50416E-6
18391.9   6.80067E-7
18402.7   1.45066E-6
18413.4   8.61747E-7
18424.2   8.70357E-7
18435   1.43078E-6
18445.8   6.88287E-7
18456.6   1.60691E-6
18467.4   7.80608E-7
18478.2   1.03535E-6
18489   1.16933E-6
18499.9   7.42053E-7
18510.7   1.68517E-6
18521.5   7.01829E-7
18532.4   1.44748E-6
18543.2   8.52528E-7
18554.1   9.77882E-7
18565   1.22531E-6
18575.8   7.53646E-7
18586.7   1.67486E-6
18597.6   7.03686E-7
18608.5   1.6209E-6
18619.4   7.76683E-7
18630.3   1.21535E-6
18641.2   9.72484E-7
18652.1   9.19358E-7
18663   1.29388E-6
18673.9   7.71005E-7
18684.9   1.63934E-6
18695.8   7.1803E-7
18706.8   1.76303E-6
18717.7   7.27898E-7
18728.7   1.60017E-6
18739.6   7.85129E-7
18750.6   1.34671E-6
18761.6   8.81205E-7
18772.6   1.1367E-6
18783.6   1.00753E-6
18794.6   9.9235E-7
18805.6   1.15122E-6
18816.6   8.99796E-7
18827.6   1.29488E-6
18838.6   8.42791E-7
18849.6   1.42093E-6
18860.7   8.09328E-7
18871.7   1.51741E-6
18882.8   7.91423E-7
18893.8   1.58026E-6
18904.9   7.84134E-7
18916   1.61046E-6
18927   7.84893E-7
18938.1   1.60944E-6
18949.2   7.93224E-7
18960.3   1.57621E-6
18971.4   8.10717E-7
18982.5   1.50821E-6
18993.6   8.41255E-7
19004.7   1.40532E-6
19015.9   8.91577E-7
19027   1.27451E-6
19038.1   9.72278E-7
19049.3   1.13101E-6
19060.4   1.09896E-6
19071.6   9.93947E-7
19082.8   1.29079E-6
19093.9   8.8028E-7
19105.1   1.55401E-6
19116.3   8.0211E-7
19127.5   1.81992E-6
19138.7   7.68933E-7
19149.9   1.87881E-6
19161.1   7.93766E-7
19172.3   1.60721E-6
19183.6   9.02923E-7
19194.8   1.22409E-6
19206   1.14808E-6
19217.3   9.42918E-7
19228.5   1.57566E-6
19239.8   8.03002E-7
19251.1   1.92843E-6
19262.3   7.96525E-7
19273.6   1.63106E-6
19284.9   9.53656E-7
19296.2   1.11951E-6
19307.5   1.37462E-6
19318.8   8.45408E-7
19330.1   1.92677E-6
19341.4   8.03004E-7
19352.7   1.62536E-6
19364.1   1.01075E-6
19375.4   1.03709E-6
19386.8   1.60771E-6
19398.1   8.09509E-7
19409.5   1.91977E-6
19420.8   8.99037E-7
19432.2   1.20541E-6
19443.6   1.43079E-6
19455   8.36077E-7
19466.3   1.98295E-6
19477.7   8.90217E-7
19489.2   1.22335E-6
19500.6   1.4807E-6
19512   8.31517E-7
19523.4   1.93779E-6
19534.8   9.61224E-7
19546.3   1.08116E-6
19557.7   1.767E-6
19569.2   8.24958E-7
19580.6   1.62564E-6
19592.1   1.20623E-6
19603.6   8.95967E-7
19615   2.04483E-6
19626.5   9.32655E-7
19638   1.12096E-6
19649.5   1.82905E-6
19661   8.44381E-7
19672.5   1.46062E-6
19684   1.45061E-6
19695.6   8.48611E-7
19707.1   1.80378E-6
19718.6   1.20388E-6
19730.2   8.97352E-7
19741.7   2.01934E-6
19753.3   1.07405E-6
19764.9   9.57516E-7
19776.4   2.09683E-6
19788   1.01542E-6
19799.6   1.00244E-6
19811.2   2.11461E-6
19822.8   1.00197E-6
19834.4   1.01478E-6
19846   2.1267E-6
19857.6   1.02599E-6
19869.3   9.91123E-7
19880.9   2.12239E-6
19892.5   1.09638E-6
19904.2   9.43301E-7
19915.8   2.02915E-6
19927.5   1.24153E-6
19939.2   8.95469E-7
19950.8   1.77605E-6
19962.5   1.51219E-6
19974.2   8.80245E-7
19985.9   1.41659E-6
19997.6   1.93072E-6
20009.3   9.42704E-7
20021   1.0999E-6
20032.7   2.1883E-6
20044.5   1.16562E-6
20056.2   9.20489E-7
20068   1.75667E-6
20079.7   1.69466E-6
20091.5   9.18972E-7
20103.2   1.17769E-6
20115   2.2212E-6
20126.8   1.19963E-6
20138.6   9.18016E-7
20150.3   1.60111E-6
20162.1   1.97191E-6
20174   1.00616E-6
20185.8   1.01223E-6
20197.6   1.97525E-6
20209.4   1.66661E-6
20221.2   9.46975E-7
20233.1   1.11211E-6
20244.9   2.15389E-6
20256.8   1.53766E-6
20268.6   9.38812E-7
20280.5   1.15102E-6
20292.4   2.18357E-6
20304.3   1.57234E-6
20316.2   9.55483E-7
20328   1.10672E-6
20339.9   2.07389E-6
20351.9   1.78129E-6
20363.8   1.01531E-6
20375.7   1.01368E-6
20387.6   1.75578E-6
20399.6   2.163E-6
20411.5   1.19273E-6
20423.5   9.48448E-7
20435.4   1.32398E-6
20447.4   2.29578E-6
20459.4   1.65816E-6
20471.3   1.01878E-6
20483.3   1.01933E-6
20495.3   1.64081E-6
20507.3   2.34755E-6
20519.3   1.44651E-6
20531.3   9.88218E-7
20543.4   1.07072E-6
20555.4   1.74317E-6
20567.4   2.35916E-6
20579.5   1.4808E-6
20591.5   1.01201E-6
20603.6   1.04092E-6
20615.6   1.57356E-6
20627.7   2.39959E-6
20639.8   1.78305E-6
20651.9   1.1282E-6
20664   9.86504E-7
20676.1   1.24181E-6
20688.2   2.006E-6
20700.3   2.36494E-6
20712.4   1.54352E-6
20724.5   1.07239E-6
20736.7   1.00981E-6
20748.8   1.29524E-6
20760.9   2.02818E-6
20773.1   2.43037E-6
20785.3   1.68982E-6
20797.4   1.1562E-6
20809.6   1.00658E-6
20821.8   1.14196E-6
20834   1.62473E-6
20846.2   2.37261E-6
20858.4   2.28664E-6
20870.6   1.55967E-6
20882.8   1.13946E-6
20895   1.02047E-6
20907.3   1.13052E-6
20919.5   1.51031E-6
20931.8   2.18161E-6
20944   2.52497E-6
20956.3   1.984E-6
20968.6   1.40602E-6
20980.8   1.11411E-6
20993.1   1.03683E-6
21005.4   1.13183E-6
21017.7   1.42403E-6
21030   1.95404E-6
21042.3   2.50654E-6
21054.6   2.45069E-6
21067   1.89684E-6
21079.3   1.42673E-6
21091.7   1.16544E-6
21104   1.06257E-6
21116.4   1.08074E-6
21128.7   1.21611E-6
21141.1   1.49033E-6
21153.5   1.91992E-6
21165.9   2.40875E-6
21178.2   2.636E-6
21190.6   2.39795E-6
21203.1   1.95127E-6
21215.5   1.56694E-6
21227.9   1.31003E-6
21240.3   1.16068E-6
21252.8   1.09201E-6
21265.2   1.0872E-6
21277.6   1.13935E-6
21290.1   1.2489E-6
21302.6   1.42064E-6
21315   1.65871E-6
21327.5   1.95647E-6
21340   2.28046E-6
21352.5   2.55962E-6
21365   2.70779E-6
21377.5   2.68258E-6
21390   2.51743E-6
21402.6   2.28544E-6
21415.1   2.04807E-6
21427.6   1.83758E-6
21440.2   1.66409E-6
21452.7   1.52664E-6
21465.3   1.42024E-6
21477.9   1.33921E-6
21490.4   1.2784E-6
21503   1.23354E-6
21515.6   1.20116E-6
21528.2   1.17847E-6
21540.8   1.16322E-6
21553.4   1.15359E-6
21566   1.14812E-6
21578.7   1.1456E-6
21591.3   1.14511E-6
21603.9   1.14593E-6
21616.6   1.14759E-6
21629.2   1.14982E-6
21641.9   1.15259E-6
21654.6   1.15608E-6
21667.3   1.16071E-6
21679.9   1.16711E-6
21692.6   1.17619E-6
21705.3   1.18911E-6
21718   1.20733E-6
21730.8   1.23268E-6
21743.5   1.26742E-6
21756.2   1.3144E-6
21769   1.37717E-6
21781.7   1.46018E-6
21794.5   1.56889E-6
21807.2   1.70962E-6
21820   1.88871E-6
21832.8   2.10984E-6
21845.5   2.36769E-6
21858.3   2.63667E-6
21871.1   2.85912E-6
21883.9   2.95259E-6
21896.8   2.85768E-6
21909.6   2.59412E-6
21922.4   2.24973E-6
21935.2   1.91374E-6
21948.1   1.63591E-6
21960.9   1.43082E-6
21973.8   1.29647E-6
21986.7   1.22778E-6
21999.5   1.22361E-6
22012.4   1.29076E-6
22025.3   1.44733E-6
22038.2   1.72445E-6
22051.1   2.15257E-6
22064   2.68431E-6
22076.9   3.03598E-6
22089.8   2.85196E-6
22102.8   2.29927E-6
22115.7   1.78248E-6
22128.7   1.44679E-6
22141.6   1.27973E-6
22154.6   1.25542E-6
22167.6   1.37847E-6
22180.5   1.69604E-6
22193.5   2.27437E-6
22206.5   2.95861E-6
22219.5   3.01156E-6
22232.5   2.32735E-6
22245.6   1.69738E-6
22258.6   1.3637E-6
22271.6   1.27309E-6
22284.7   1.40459E-6
22297.7   1.82807E-6
22310.8   2.61887E-6
22323.8   3.16705E-6
22336.9   2.53691E-6
22350   1.74799E-6
22363.1   1.36316E-6
22376.1   1.30728E-6
22389.2   1.56917E-6
22402.4   2.28423E-6
22415.5   3.1714E-6
22428.6   2.71245E-6
22441.7   1.78476E-6
22454.9   1.36264E-6
22468   1.35506E-6
22481.2   1.77967E-6
22494.3   2.78423E-6
22507.5   3.14271E-6
22520.7   2.07115E-6
22533.9   1.43801E-6
22547.1   1.3514E-6
22560.3   1.77423E-6
22573.5   2.87804E-6
22586.7   3.06243E-6
22599.9   1.89127E-6
22613.1   1.37783E-6
22626.4   1.46321E-6
22639.6   2.24602E-6
22652.9   3.33843E-6
22666.2   2.31632E-6
22679.4   1.47921E-6
22692.7   1.40766E-6
22706   2.07476E-6
22719.3   3.34609E-6
22732.6   2.38778E-6
22745.9   1.4837E-6
22759.2   1.44802E-6
22772.5   2.28696E-6
22785.9   3.39657E-6
22799.2   2.06105E-6
22812.6   1.40677E-6
22825.9   1.65338E-6
22839.3   2.98986E-6
22852.7   2.86188E-6
22866   1.59509E-6
22879.4   1.45758E-6
22892.8   2.39912E-6
22906.2   3.359E-6
22919.6   1.82725E-6
22933.1   1.4217E-6
22946.5   2.14152E-6
22959.9   3.49349E-6
22973.4   1.94764E-6
22986.8   1.4293E-6
23000.3   2.14419E-6
23013.7   3.50833E-6
23027.2   1.88242E-6
23040.7   1.45539E-6
23054.2   2.40609E-6
23067.7   3.32566E-6
23081.2   1.68171E-6
23094.7   1.55911E-6
23108.2   3.02293E-6
23121.8   2.69397E-6
23135.3   1.49604E-6
23148.8   1.91998E-6
23162.4   3.62441E-6
23175.9   1.91211E-6
23189.5   1.52258E-6
23203.1   2.9191E-6
23216.7   2.7439E-6
23230.3   1.503E-6
23243.9   2.12567E-6
23257.5   3.54167E-6
23271.1   1.68725E-6
23284.7   1.73998E-6
23298.4   3.65419E-6
23312   1.98346E-6
23325.7   1.58532E-6
23339.3   3.33792E-6
23353   2.29315E-6
23366.6   1.53745E-6
23380.3   3.05856E-6
23394   2.51538E-6
23407.7   1.53273E-6
23421.4   2.9551E-6
23435.1   2.58559E-6
23448.9   1.54309E-6
23462.6   3.0427E-6
23476.3   2.48645E-6
23490.1   1.56944E-6
23503.8   3.32196E-6
23517.6   2.24608E-6
23531.4   1.64295E-6
23545.1   3.71726E-6
23558.9   1.94412E-6
23572.7   1.83493E-6
23586.5   3.84167E-6
23600.3   1.6897E-6
23614.1   2.28796E-6
23628   3.2061E-6
23641.8   1.58533E-6
23655.6   3.20141E-6
23669.5   2.27454E-6
23683.3   1.75615E-6
23697.2   3.94362E-6
23711.1   1.71071E-6
23725   2.49559E-6
23738.9   2.86892E-6
23752.8   1.65237E-6
23766.7   3.89591E-6
23780.6   1.83004E-6
23794.5   2.34748E-6
23808.4   3.01494E-6
23822.4   1.67057E-6
23836.3   3.98963E-6
23850.3   1.78033E-6
23864.3   2.64387E-6
23878.2   2.62489E-6
23892.2   1.81408E-6
23906.2   3.95355E-6
23920.2   1.66592E-6
23934.2   3.57101E-6
23948.2   1.98731E-6
23962.2   2.41559E-6
23976.3   2.82329E-6
23990.3   1.83892E-6
24004.3   3.91551E-6
24018.4   1.6845E-6
24032.5   4.02273E-6
24046.5   1.80134E-6
24060.6   3.17297E-6
24074.7   2.15225E-6
24088.8   2.43547E-6
24102.9   2.72712E-6
24117   2.01595E-6
24131.1   3.43449E-6
24145.3   1.81243E-6
24159.4   4.02825E-6
24173.5   1.73751E-6
24187.7   4.2718E-6
24201.9   1.73846E-6
24216   4.18846E-6
24230.2   1.7811E-6
24244.4   3.96955E-6
24258.6   1.83987E-6
24272.8   3.76425E-6
24287   1.89437E-6
24301.2   3.6371E-6
24315.5   1.92954E-6
24329.7   3.60724E-6
24343.9   1.93723E-6
24358.2   3.67894E-6
24372.4   1.91735E-6
24386.7   3.85027E-6
24401   1.87812E-6
24415.3   4.10205E-6
24429.6   1.83513E-6
24443.9   4.36303E-6
24458.2   1.81014E-6
24472.5   4.4676E-6
24486.8   1.83151E-6
24501.2   4.21167E-6
24515.5   1.93866E-6
24529.9   3.58787E-6
24544.2   2.19443E-6
24558.6   2.86015E-6
24573   2.70394E-6
24587.4   2.28263E-6
24601.8   3.57957E-6
24616.2   1.94615E-6
24630.6   4.50381E-6
24645   1.8677E-6
24659.4   4.22055E-6
24673.9   2.10923E-6
24688.3   2.99789E-6
24702.8   2.87796E-6
24717.2   2.15967E-6
24731.7   4.2782E-6
24746.2   1.89376E-6
24760.7   4.34208E-6
24775.2   2.1913E-6
24789.7   2.78925E-6
24804.2   3.38435E-6
24818.7   1.99692E-6
24833.3   4.73802E-6
24847.8   2.0472E-6
24862.3   3.16009E-6
24876.9   3.16864E-6
24891.5   2.04852E-6
24906   4.79358E-6
24920.6   2.10844E-6
24935.2   2.95641E-6
24949.8   3.6136E-6
24964.4   1.98268E-6
24979   4.48484E-6
24993.7   2.46913E-6
25008.3   2.37161E-6
25022.9   4.71599E-6
25037.6   2.05905E-6
25052.3   3.15059E-6
25066.9   3.74628E-6
25081.6   2.00172E-6
25096.3   4.06689E-6
25111   3.00978E-6
25125.7   2.1005E-6
25140.4   4.71001E-6
25155.1   2.63781E-6
25169.8   2.23942E-6
25184.6   4.9691E-6
25199.3   2.48902E-6
25214.1   2.33335E-6
25228.8   5.04177E-6
25243.6   2.48351E-6
25258.4   2.33532E-6
25273.2   5.04399E-6
25288   2.61219E-6
25302.8   2.25169E-6
25317.6   4.85979E-6
25332.4   2.93626E-6
25347.3   2.14156E-6
25362.1   4.26981E-6
25376.9   3.59836E-6
25391.8   2.10351E-6
25406.7   3.35987E-6
25421.5   4.68115E-6
25436.4   2.28302E-6
25451.3   2.56018E-6
25466.2   5.19103E-6
25481.1   2.96319E-6
25496.1   2.16295E-6
25511   3.80274E-6
25525.9   4.57125E-6
25540.9   2.32833E-6
25555.8   2.49875E-6
25570.8   4.99779E-6
25585.8   3.56137E-6
25600.7   2.18987E-6
25615.7   2.93589E-6
25630.7   5.38686E-6
25645.7   3.14466E-6
25660.7   2.19573E-6
25675.8   3.16703E-6
25690.8   5.44819E-6
25705.8   3.14834E-6
25720.9   2.21773E-6
25736   3.04255E-6
25751   5.44628E-6
25766.1   3.5671E-6
25781.2   2.28459E-6
25796.3   2.66074E-6
25811.4   4.8552E-6
25826.5   4.61132E-6
25841.6   2.60315E-6
25856.7   2.32021E-6
25871.9   3.50351E-6
25887   5.62074E-6
25902.2   3.71416E-6
25917.4   2.40054E-6
25932.5   2.47811E-6
25947.7   3.95561E-6
25962.9   5.67557E-6
25978.1   3.65814E-6
25993.3   2.44225E-6
26008.5   2.45247E-6
26023.8   3.64238E-6
26039   5.68763E-6
26054.2   4.42213E-6
26069.5   2.77145E-6
26084.8   2.35319E-6
26100   2.8494E-6
26115.3   4.50447E-6
26130.6   5.8203E-6
26145.9   4.06504E-6
26161.2   2.72652E-6
26176.5   2.38867E-6
26191.9   2.79779E-6
26207.2   4.142E-6
26222.5   5.86032E-6
26237.9   5.00435E-6
26253.3   3.33075E-6
26268.6   2.55514E-6
26284   2.45911E-6
26299.4   2.94899E-6
26314.8   4.19004E-6
26330.2   5.81259E-6
26345.6   5.60985E-6
26361   4.02193E-6
26376.5   2.95518E-6
26391.9   2.52072E-6
26407.4   2.53274E-6
26422.8   2.96309E-6
26438.3   3.91283E-6
26453.8   5.32877E-6
26469.3   6.18654E-6
26484.8   5.41663E-6
26500.3   4.10656E-6
26515.8   3.18937E-6
26531.3   2.708E-6
26546.9   2.54099E-6
26562.4   2.6211E-6
26577.9   2.94257E-6
26593.5   3.5406E-6
26609.1   4.44013E-6
26624.7   5.50987E-6
26640.3   6.27902E-6
26655.8   6.22978E-6
26671.5   5.48902E-6
26687.1   4.58938E-6
26702.7   3.84539E-6
26718.3   3.31677E-6
26734   2.97043E-6
26749.6   2.76237E-6
26765.3   2.65864E-6
26781   2.63639E-6
26796.6   2.68085E-6
26812.3   2.78231E-6
26828   2.93373E-6
26843.7   3.12897E-6
26859.5   3.36135E-6
26875.2   3.62274E-6
26890.9   3.90314E-6
26906.7   4.19086E-6
26922.4   4.47341E-6
26938.2   4.73876E-6
26953.9   4.9766E-6
26969.7   5.17923E-6
26985.5   5.3418E-6
27001.3   5.46186E-6
27017.1   5.5385E-6
27032.9   5.57147E-6
27048.8   5.5605E-6
27064.6   5.50509E-6
27080.5   5.4048E-6
27096.3   5.26E-6
27112.2   5.07281E-6
27128.1   4.84805E-6
27143.9   4.5936E-6
27159.8   4.32022E-6
27175.7   4.04053E-6
27191.6   3.7677E-6
27207.6   3.51411E-6
27223.5   3.29056E-6
27239.4   3.10606E-6
27255.4   2.96839E-6
27271.3   2.88517E-6
27287.3   2.86553E-6
27303.3   2.9223E-6
27319.3   3.07493E-6
27335.3   3.3533E-6
27351.3   3.80111E-6
27367.3   4.47222E-6
27383.3   5.39523E-6
27399.3   6.45022E-6
27415.4   7.17851E-6
27431.4   6.98908E-6
27447.5   5.96184E-6
27463.6   4.76936E-6
27479.6   3.84657E-6
27495.7   3.2717E-6
27511.8   3.00499E-6
27527.9   3.02147E-6
27544.1   3.35653E-6
27560.2   4.12784E-6
27576.3   5.4797E-6
27592.5   7.06369E-6
27608.6   7.25991E-6
27624.8   5.70615E-6
27641   4.17534E-6
27657.1   3.32401E-6
27673.3   3.05434E-6
27689.5   3.30793E-6
27705.8   4.23747E-6
27722   6.07716E-6
27738.2   7.62009E-6
27754.5   6.27938E-6
27770.7   4.29417E-6
27787   3.30306E-6
27803.2   3.15018E-6
27819.5   3.8086E-6
27835.8   5.63962E-6
27852.1   7.7337E-6
27868.4   6.23506E-6
27884.7   4.0598E-6
27901   3.21691E-6
27917.4   3.42668E-6
27933.7   4.90852E-6
27950.1   7.58848E-6
27966.4   6.63638E-6
27982.8   4.11627E-6
27999.2   3.24072E-6
28015.6   3.68719E-6
28032   5.86509E-6
28048.4   7.97965E-6
28064.8   5.18515E-6
28081.3   3.4542E-6
28097.7   3.46766E-6
28114.2   5.33631E-6
28130.6   8.13872E-6
28147.1   5.35661E-6
28163.6   3.46897E-6
28180.1   3.62517E-6
28196.6   6.06796E-6
28213.1   7.92913E-6
28229.6   4.49209E-6
28246.1   3.35925E-6
28262.7   4.46948E-6
28279.2   8.072E-6
28295.8   5.81478E-6
28312.3   3.52838E-6
28328.9   3.93519E-6
28345.5   7.38329E-6
28362.1   6.60937E-6
28378.7   3.67961E-6
28395.3   3.873E-6
28411.9   7.40461E-6
28428.6   6.51561E-6
28445.2   3.63174E-6
28461.9   4.16224E-6
28478.5   8.22357E-6
28495.2   5.56035E-6
28511.9   3.51754E-6
28528.6   5.1269E-6
28545.3   8.55613E-6
28562   4.28632E-6
28578.7   3.77781E-6
28595.5   7.5373E-6
28612.2   6.17867E-6
28629   3.59407E-6
28645.7   5.43296E-6
28662.5   8.27889E-6
28679.3   3.95351E-6
28696.1   4.38422E-6
28712.9   8.9617E-6
28729.7   4.54739E-6
28746.5   3.96926E-6
28763.3   8.57682E-6
28780.2   5.09503E-6
28797   3.84245E-6
28813.9   8.24186E-6
28830.8   5.35726E-6
28847.6   3.85173E-6
28864.5   8.36554E-6
28881.4   5.22865E-6
28898.3   3.97374E-6
28915.3   8.92269E-6
28932.2   4.77603E-6
28949.1   4.30824E-6
28966.1   9.3569E-6
28983   4.22237E-6
29000   5.12957E-6
