2000 
    Freq test
9000   0.151263
9005.27   0.195466
9010.54   0.296329
9015.82   0.150075
9021.1   0.193509
9026.38   0.296717
9031.66   0.150211
9036.95   0.187792
9042.24   0.300723
9047.54   0.151987
9052.83   0.178971
9058.13   0.306346
9063.44   0.156144
9068.74   0.168173
9074.05   0.309473
9079.37   0.163921
9084.68   0.156895
9090   0.303841
9095.32   0.177172
9100.65   0.146823
9105.98   0.283833
9111.31   0.19839
9116.64   0.139701
9121.98   0.249904
9127.32   0.22985
9132.67   0.13739
9138.01   0.210185
9143.36   0.269189
9148.72   0.14226
9154.07   0.174564
9159.43   0.298448
9164.8   0.157987
9170.16   0.149011
9175.53   0.28589
9180.9   0.190275
9186.28   0.13575
9191.66   0.232862
9197.04   0.242901
9202.42   0.136458
9207.81   0.1782
9213.2   0.291748
9218.6   0.155628
9224   0.143821
9229.4   0.271221
9234.8   0.20242
9240.21   0.132008
9245.62   0.200286
9251.03   0.272132
9256.45   0.144354
9261.87   0.148821
9267.29   0.278878
9272.72   0.191045
9278.15   0.130432
9283.58   0.19995
9289.01   0.270389
9294.45   0.144694
9299.89   0.143225
9305.34   0.265552
9310.79   0.204397
9316.24   0.129346
9321.69   0.176675
9327.15   0.283757
9332.61   0.159018
9338.08   0.131474
9343.54   0.223082
9349.01   0.246621
9354.49   0.136833
9359.96   0.14422
9365.45   0.263515
9370.93   0.204012
9376.42   0.127919
9381.91   0.162787
9387.4   0.280228
9392.89   0.175042
9398.39   0.125796
9403.9   0.182144
9409.4   0.276466
9414.91   0.158141
9420.42   0.126513
9425.94   0.197457
9431.46   0.26647
9436.98   0.149269
9442.51   0.127512
9448.04   0.20552
9453.57   0.259766
9459.1   0.145853
9464.64   0.127324
9470.18   0.205079
9475.73   0.259632
9481.28   0.146959
9486.83   0.125598
9492.38   0.196157
9497.94   0.265361
9503.5   0.153167
9509.06   0.123113
9514.63   0.179963
9520.2   0.271735
9525.78   0.166631
9531.35   0.121698
9536.93   0.15953
9542.52   0.266986
9548.11   0.190997
9553.7   0.12423
9559.29   0.139533
9564.89   0.238953
9570.49   0.22852
9576.09   0.13514
9581.7   0.124879
9587.31   0.193073
9592.92   0.264697
9598.54   0.161783
9604.16   0.120005
9609.78   0.150291
9615.41   0.252502
9621.04   0.21295
9626.67   0.130759
9632.31   0.124448
9637.95   0.189933
9643.59   0.26468
9649.24   0.168862
9654.88   0.120173
9660.54   0.137801
9666.19   0.227084
9671.85   0.241427
9677.52   0.145865
9683.18   0.118297
9688.85   0.152123
9694.52   0.248244
9700.2   0.21953
9705.88   0.135675
9711.56   0.118858
9717.25   0.160756
9722.94   0.254723
9728.63   0.210583
9734.33   0.132892
9740.03   0.118674
9745.73   0.159996
9751.44   0.251968
9757.15   0.215585
9762.86   0.136086
9768.57   0.117252
9774.29   0.149976
9780.02   0.238242
9785.74   0.233826
9791.47   0.147437
9797.21   0.11679
9802.94   0.134631
9808.68   0.208083
9814.42   0.256645
9820.17   0.173164
9825.92   0.122234
9831.67   0.120709
9837.43   0.166758
9843.19   0.250971
9848.95   0.22029
9854.72   0.142717
9860.49   0.116077
9866.26   0.131492
9872.04   0.195453
9877.82   0.259334
9883.6   0.194004
9889.39   0.131415
9895.18   0.115649
9900.97   0.138511
9906.77   0.207461
9912.57   0.257571
9918.38   0.187945
9924.18   0.130106
9929.99   0.115395
9935.81   0.136207
9941.62   0.199681
9947.44   0.258347
9953.27   0.20137
9959.1   0.137799
9964.93   0.115536
9970.76   0.126114
9976.6   0.173759
9982.44   0.246975
9988.29   0.234272
9994.13   0.161418
9999.99   0.122126
10005.8   0.116241
10011.7   0.140249
10017.6   0.200481
10023.4   0.257315
10029.3   0.214282
10035.2   0.14942
10041   0.119038
10046.9   0.117402
10052.8   0.143093
10058.7   0.201665
10064.6   0.256775
10070.5   0.220842
10076.4   0.156663
10082.3   0.122533
10088.2   0.11545
10094.1   0.131944
10100   0.176803
10105.9   0.240894
10111.8   0.249362
10117.7   0.189039
10123.7   0.139465
10129.6   0.117662
10135.5   0.117687
10141.5   0.138954
10147.4   0.186003
10153.3   0.245211
10159.3   0.249326
10165.2   0.193066
10171.2   0.14442
10177.1   0.120368
10183.1   0.115995
10189.1   0.129347
10195   0.163559
10201   0.218245
10207   0.258396
10212.9   0.233042
10218.9   0.178032
10224.9   0.138553
10230.9   0.119488
10236.9   0.116556
10242.9   0.128453
10248.9   0.157533
10254.9   0.20499
10260.9   0.251969
10266.9   0.252534
10272.9   0.207233
10278.9   0.161063
10284.9   0.13194
10290.9   0.118493
10297   0.11765
10303   0.128778
10309   0.153606
10315.1   0.193561
10321.1   0.239817
10327.2   0.261682
10333.2   0.237887
10339.3   0.193291
10345.3   0.15568
10351.4   0.131856
10357.4   0.119994
10363.5   0.117874
10369.6   0.124745
10375.6   0.141329
10381.7   0.169047
10387.8   0.207178
10393.9   0.246089
10399.9   0.264071
10406   0.247749
10412.1   0.211269
10418.2   0.175158
10424.3   0.148153
10430.4   0.130822
10436.5   0.121581
10442.6   0.119075
10448.8   0.12269
10454.9   0.132523
10461   0.149186
10467.1   0.173266
10473.3   0.203993
10479.4   0.236772
10485.5   0.261492
10491.7   0.26705
10497.8   0.251472
10503.9   0.223682
10510.1   0.19426
10516.3   0.169107
10522.4   0.149889
10528.6   0.136303
10534.7   0.127522
10540.9   0.122781
10547.1   0.121541
10553.3   0.123494
10559.4   0.128531
10565.6   0.136691
10571.8   0.14809
10578   0.162816
10584.2   0.180758
10590.4   0.201355
10596.6   0.223298
10602.8   0.24436
10609   0.261608
10615.2   0.27221
10621.4   0.274555
10627.6   0.268925
10633.9   0.257214
10640.1   0.241971
10646.3   0.225506
10652.5   0.209452
10658.8   0.194747
10665   0.181808
10671.3   0.170723
10677.5   0.161405
10683.8   0.153685
10690   0.147371
10696.3   0.142274
10702.5   0.138219
10708.8   0.135051
10715.1   0.132637
10721.4   0.130858
10727.6   0.129611
10733.9   0.128809
10740.2   0.128371
10746.5   0.128229
10752.8   0.128319
10759.1   0.128587
10765.4   0.128982
10771.7   0.12946
10778   0.129983
10784.3   0.130516
10790.6   0.131032
10796.9   0.131507
10803.3   0.131924
10809.6   0.132271
10815.9   0.132543
10822.2   0.13274
10828.6   0.132866
10834.9   0.132936
10841.3   0.132966
10847.6   0.132981
10854   0.13301
10860.3   0.133091
10866.7   0.133264
10873   0.13358
10879.4   0.134092
10885.8   0.134864
10892.1   0.135967
10898.5   0.137481
10904.9   0.139499
10911.3   0.142124
10917.7   0.145479
10924.1   0.149704
10930.5   0.15496
10936.9   0.161434
10943.3   0.169334
10949.7   0.178885
10956.1   0.190309
10962.5   0.20379
10968.9   0.219392
10975.3   0.236937
10981.8   0.255809
10988.2   0.274726
10994.6   0.291586
11001.1   0.30361
11007.5   0.308018
11014   0.303149
11020.4   0.28937
11026.9   0.269042
11033.3   0.245498
11039.8   0.221834
11046.2   0.200222
11052.7   0.181849
11059.2   0.167182
11065.6   0.156295
11072.1   0.149119
11078.6   0.14561
11085.1   0.145862
11091.6   0.150181
11098.1   0.159141
11104.6   0.173608
11111.1   0.194631
11117.6   0.222954
11124.1   0.257661
11130.6   0.293595
11137.1   0.31943
11143.6   0.322297
11150.2   0.299618
11156.7   0.262449
11163.2   0.224477
11169.8   0.19341
11176.3   0.171385
11182.9   0.158105
11189.4   0.152915
11195.9   0.155695
11202.5   0.167219
11209.1   0.189217
11215.6   0.223726
11222.2   0.270007
11228.8   0.316764
11235.3   0.33769
11241.9   0.315131
11248.5   0.266489
11255.1   0.219194
11261.7   0.185328
11268.3   0.165922
11274.9   0.159483
11281.5   0.165577
11288.1   0.185818
11294.7   0.223458
11301.3   0.278863
11307.9   0.334385
11314.5   0.346531
11321.2   0.301565
11327.8   0.241234
11334.4   0.196459
11341.1   0.172122
11347.7   0.165879
11354.3   0.177162
11361   0.209043
11367.6   0.265499
11374.3   0.334138
11381   0.35953
11387.6   0.309702
11394.3   0.240879
11401   0.194302
11407.6   0.173594
11414.3   0.175603
11421   0.201719
11427.7   0.257681
11434.4   0.335801
11441.1   0.370804
11447.8   0.313879
11454.5   0.238228
11461.2   0.19246
11467.9   0.177607
11474.6   0.190788
11481.3   0.236739
11488   0.318209
11494.8   0.381673
11501.5   0.336848
11508.2   0.251128
11515   0.198642
11521.7   0.183399
11528.5   0.202084
11535.2   0.261355
11542   0.355611
11548.7   0.387137
11555.5   0.303246
11562.2   0.224306
11569   0.191078
11575.8   0.198198
11582.6   0.249504
11589.3   0.347906
11596.1   0.401018
11602.9   0.316705
11609.7   0.230142
11616.5   0.19597
11623.3   0.208388
11630.1   0.273363
11636.9   0.382854
11643.7   0.394346
11650.6   0.286349
11657.4   0.215434
11664.2   0.201928
11671   0.242616
11677.9   0.346723
11684.7   0.422147
11691.5   0.327604
11698.4   0.233722
11705.2   0.206161
11712.1   0.238854
11719   0.342234
11725.8   0.432587
11732.7   0.33683
11739.6   0.237756
11746.4   0.212221
11753.3   0.254626
11760.2   0.374147
11767.1   0.434996
11774   0.311729
11780.9   0.22874
11787.8   0.224526
11794.7   0.299722
11801.6   0.435538
11808.5   0.393541
11815.4   0.265428
11822.3   0.223163
11829.2   0.263915
11836.1   0.396339
11843.1   0.445129
11850   0.30353
11857   0.232014
11863.9   0.252685
11870.8   0.37377
11877.8   0.466854
11884.7   0.327321
11891.7   0.240385
11898.7   0.255002
11905.6   0.377735
11912.6   0.475784
11919.6   0.32905
11926.6   0.244032
11933.5   0.268532
11940.5   0.409497
11947.5   0.470266
11954.5   0.309732
11961.5   0.246112
11968.5   0.299865
11975.5   0.466344
11982.5   0.430275
11989.5   0.280166
11996.6   0.257804
12003.6   0.365745
12010.6   0.507915
12017.7   0.355518
12024.7   0.259922
12031.7   0.300902
12038.8   0.475611
12045.8   0.44665
12052.9   0.287921
12059.9   0.274585
12067   0.411751
12074.1   0.511774
12081.1   0.329153
12088.2   0.269866
12095.3   0.367186
12102.4   0.535039
12109.4   0.371049
12116.5   0.275129
12123.6   0.344979
12130.7   0.536852
12137.8   0.402749
12144.9   0.282954
12152.1   0.339258
12159.2   0.539216
12166.3   0.418005
12173.4   0.289154
12180.5   0.346671
12187.7   0.550846
12194.8   0.414777
12201.9   0.292967
12209.1   0.368074
12216.2   0.567877
12223.4   0.394312
12230.5   0.297379
12237.7   0.408655
12244.9   0.572175
12252   0.362607
12259.2   0.309408
12266.4   0.475556
12273.6   0.536724
12280.8   0.331228
12288   0.34112
12295.1   0.561135
12302.3   0.45848
12309.5   0.314986
12316.8   0.411591
12324   0.59778
12331.2   0.375993
12338.4   0.331534
12345.6   0.534173
12352.9   0.510256
12360.1   0.329599
12367.3   0.408281
12374.6   0.615212
12381.8   0.388975
12389.1   0.344618
12396.3   0.564309
12403.6   0.497893
12410.8   0.335785
12418.1   0.458142
12425.4   0.60609
12432.6   0.3667
12439.9   0.387051
12447.2   0.632808
12454.5   0.428345
12461.8   0.35509
12469.1   0.579885
12476.4   0.50831
12483.7   0.34998
12491   0.510364
12498.3   0.585389
12505.6   0.362003
12513   0.45702
12520.3   0.63853
12527.6   0.383912
12534.9   0.423402
12542.3   0.662144
12549.6   0.409529
12557   0.404832
12564.3   0.666126
12571.7   0.433444
12579   0.396433
12586.4   0.663691
12593.8   0.451426
12601.2   0.394798
12608.5   0.663718
12615.9   0.460813
12623.3   0.398143
12630.7   0.669905
12638.1   0.460598
12645.5   0.406276
12652.9   0.681605
12660.3   0.451415
12667.7   0.420643
12675.1   0.693549
12682.5   0.435622
12690   0.444423
12697.4   0.694988
12704.8   0.417342
12712.3   0.48253
12719.7   0.672068
12727.2   0.402252
12734.6   0.540562
12742.1   0.617784
12749.5   0.397311
12757   0.619059
12764.5   0.542658
12771.9   0.411147
12779.4   0.695703
12786.9   0.469936
12794.4   0.455378
12801.9   0.709606
12809.4   0.420512
12816.9   0.543553
12824.4   0.625008
12831.9   0.408226
12839.4   0.666994
12846.9   0.506563
12854.4   0.447472
12862   0.722688
12869.5   0.42827
12877   0.557817
12884.6   0.612862
12892.1   0.41744
12899.7   0.706612
12907.2   0.473183
12914.8   0.493652
12922.3   0.685016
12929.9   0.416211
12937.5   0.66386
12945   0.511674
12952.6   0.468087
12960.2   0.7135
12967.8   0.420649
12975.4   0.646547
12983   0.524412
12990.6   0.466526
12998.2   0.714503
13005.8   0.420871
13013.4   0.664296
13021   0.506292
13028.7   0.487067
13036.3   0.686567
13043.9   0.420119
13051.6   0.710172
13059.2   0.466007
13066.9   0.541633
13074.5   0.612801
13082.2   0.435126
13089.8   0.737654
13097.5   0.427143
13105.2   0.645876
13112.8   0.507055
13120.5   0.497947
13128.2   0.653959
13135.9   0.425387
13143.6   0.737134
13151.3   0.427787
13159   0.644332
13166.7   0.496566
13174.4   0.511969
13182.1   0.619099
13189.8   0.43473
13197.5   0.724343
13205.3   0.41486
13213   0.706033
13220.7   0.442845
13228.5   0.596934
13236.2   0.513637
13244   0.495309
13251.7   0.614493
13259.5   0.433991
13267.2   0.703976
13275   0.409537
13282.8   0.724791
13290.5   0.414351
13298.3   0.670018
13306.1   0.443313
13313.9   0.586305
13321.7   0.492348
13329.5   0.511662
13337.3   0.555307
13345.1   0.45771
13352.9   0.621371
13360.7   0.423164
13368.6   0.675976
13376.4   0.403716
13384.2   0.706976
13392.1   0.395284
13399.9   0.711363
13407.8   0.394565
13415.6   0.695385
13423.5   0.39888
13431.3   0.668842
13439.2   0.405989
13447.1   0.639965
13454.9   0.413974
13462.8   0.613792
13470.7   0.421223
13478.6   0.592753
13486.5   0.426454
13494.4   0.577758
13502.3   0.42875
13510.2   0.569024
13518.1   0.427582
13526   0.566553
13533.9   0.422818
13541.8   0.570334
13549.8   0.414723
13557.7   0.580334
13565.6   0.403952
13573.6   0.596274
13581.5   0.39153
13589.5   0.617102
13597.4   0.37881
13605.4   0.640074
13613.4   0.367423
13621.3   0.659591
13629.3   0.359241
13637.3   0.666718
13645.3   0.3564
13653.3   0.651506
13661.3   0.361435
13669.3   0.609188
13677.3   0.377526
13685.3   0.545741
13693.3   0.408704
13701.3   0.475538
13709.3   0.459275
13717.3   0.412891
13725.4   0.529879
13733.4   0.366651
13741.5   0.60517
13749.5   0.340944
13757.5   0.63973
13765.6   0.338638
13773.7   0.591516
13781.7   0.364641
13789.8   0.489766
13797.9   0.427074
13805.9   0.396282
13814   0.527317
13822.1   0.339561
13830.2   0.61547
13838.3   0.323878
13846.4   0.583559
13854.5   0.353145
13862.6   0.45817
13870.7   0.438678
13878.9   0.356728
13887   0.566054
13895.1   0.314649
13903.3   0.593598
13911.4   0.333114
13919.5   0.460057
13927.7   0.424252
13935.9   0.34329
13944   0.567144
13952.2   0.304804
13960.3   0.554829
13968.5   0.345717
13976.7   0.395237
13984.9   0.480283
13993.1   0.3061
14001.3   0.582015
14009.5   0.312762
14017.7   0.435225
14025.9   0.426486
14034.1   0.310425
14042.3   0.573097
14050.5   0.299732
14058.7   0.443043
14067   0.41059
14075.2   0.304603
14083.5   0.564884
14091.7   0.297225
14100   0.415051
14108.2   0.429725
14116.5   0.288624
14124.7   0.549673
14133   0.309652
14141.3   0.358713
14149.6   0.486084
14157.8   0.274884
14166.1   0.483943
14174.4   0.355801
14182.7   0.297919
14191   0.541604
14199.3   0.286537
14207.7   0.366639
14216   0.461934
14224.3   0.266284
14232.6   0.460168
14241   0.363897
14249.3   0.276802
14257.6   0.522766
14266   0.302213
14274.3   0.307904
14282.7   0.513777
14291.1   0.270539
14299.4   0.35094
14307.8   0.462497
14316.2   0.256818
14324.6   0.39549
14332.9   0.409995
14341.3   0.252707
14349.7   0.431507
14358.1   0.371387
14366.5   0.252678
14375   0.453754
14383.4   0.347334
14391.8   0.25302
14400.2   0.462487
14408.6   0.335473
14417.1   0.251547
14425.5   0.459817
14434   0.334279
14442.4   0.247602
14450.9   0.44623
14459.3   0.343888
14467.8   0.242048
14476.3   0.420185
14484.8   0.365911
14493.2   0.237157
14501.7   0.381038
14510.2   0.401866
14518.7   0.236511
14527.2   0.332952
14535.7   0.447096
14544.2   0.245226
14552.7   0.28518
14561.3   0.476855
14569.8   0.270904
14578.3   0.247746
14586.8   0.448275
14595.4   0.324457
14603.9   0.228247
14612.5   0.362693
14621   0.409718
14629.6   0.233984
14638.2   0.277902
14646.7   0.465969
14655.3   0.278227
14663.9   0.229761
14672.5   0.390157
14681.1   0.378163
14689.7   0.226208
14698.3   0.276432
14706.9   0.458312
14715.5   0.281721
14724.1   0.221555
14732.7   0.352196
14741.3   0.411345
14750   0.235567
14758.6   0.240165
14767.3   0.417969
14775.9   0.34278
14784.6   0.217999
14793.2   0.266875
14801.9   0.444361
14810.5   0.298981
14819.2   0.212766
14827.9   0.288732
14836.6   0.443897
14845.3   0.278041
14853.9   0.211083
14862.6   0.296732
14871.3   0.439392
14880.1   0.273991
14888.8   0.20915
14897.5   0.287696
14906.2   0.437731
14914.9   0.285903
14923.7   0.20756
14932.4   0.264072
14941.1   0.427011
14949.9   0.318194
14958.6   0.211211
14967.4   0.233956
14976.2   0.383971
14984.9   0.375089
14993.7   0.229989
15002.5   0.209493
15011.3   0.308027
15020.1   0.427036
15028.9   0.281499
15037.7   0.204226
15046.5   0.236818
15055.3   0.380134
15064.1   0.379874
15072.9   0.237255
15081.7   0.201915
15090.6   0.266454
15099.4   0.411471
15108.2   0.341062
15117.1   0.221464
15125.9   0.203474
15134.8   0.278443
15143.7   0.414726
15152.5   0.334343
15161.4   0.220801
15170.3   0.201028
15179.1   0.265442
15188   0.400842
15196.9   0.359997
15205.8   0.235784
15214.7   0.197306
15223.6   0.234047
15232.6   0.352577
15241.5   0.406485
15250.4   0.280722
15259.3   0.205493
15268.3   0.203441
15277.2   0.271455
15286.1   0.395226
15295.1   0.373174
15304   0.253068
15313   0.199161
15322   0.207508
15330.9   0.279645
15339.9   0.39629
15348.9   0.375802
15357.9   0.260861
15366.9   0.202325
15375.9   0.200234
15384.9   0.251837
15393.9   0.358957
15402.9   0.408461
15411.9   0.310908
15420.9   0.225398
15430   0.195097
15439   0.209985
15448   0.273644
15457.1   0.377211
15466.1   0.402956
15475.2   0.308461
15484.3   0.228693
15493.3   0.196403
15502.4   0.202709
15511.5   0.24819
15520.6   0.335791
15529.6   0.410609
15538.7   0.368866
15547.8   0.276767
15556.9   0.217348
15566   0.19538
15575.2   0.204062
15584.3   0.244469
15593.4   0.319637
15602.5   0.399589
15611.7   0.399439
15620.8   0.322138
15630   0.24986
15639.1   0.20909
15648.3   0.195641
15657.4   0.205357
15666.6   0.239192
15675.8   0.299714
15684.9   0.375117
15694.1   0.415425
15703.3   0.379993
15712.5   0.308992
15721.7   0.250059
15730.9   0.214357
15740.1   0.198728
15749.3   0.19978
15758.6   0.216718
15767.8   0.25084
15777   0.30281
15786.3   0.3651
15795.5   0.412178
15804.7   0.413098
15814   0.369931
15823.3   0.313211
15832.5   0.265004
15841.8   0.231263
15851.1   0.210866
15860.4   0.201518
15869.6   0.201588
15878.9   0.210361
15888.2   0.227852
15897.5   0.254387
15906.8   0.289822
15916.2   0.33215
15925.5   0.37572
15934.8   0.410777
15944.1   0.427025
15953.5   0.420277
15962.8   0.395277
15972.1   0.361352
15981.5   0.326578
15990.9   0.295517
16000.2   0.269845
16009.6   0.249653
16019   0.23438
16028.3   0.223298
16037.7   0.215717
16047.1   0.211048
16056.5   0.208806
16065.9   0.208595
16075.3   0.210085
16084.7   0.212992
16094.1   0.217064
16103.6   0.222065
16113   0.227772
16122.4   0.233965
16131.9   0.240431
16141.3   0.246962
16150.8   0.253357
16160.2   0.259432
16169.7   0.265014
16179.2   0.269954
16188.6   0.274126
16198.1   0.277426
16207.6   0.27978
16217.1   0.281138
16226.6   0.281477
16236.1   0.280802
16245.6   0.279143
16255.1   0.27656
16264.6   0.273138
16274.1   0.268994
16283.7   0.264265
16293.2   0.259119
16302.7   0.253742
16312.3   0.248337
16321.8   0.243124
16331.4   0.238335
16340.9   0.234209
16350.5   0.231
16360.1   0.228977
16369.7   0.228432
16379.3   0.229697
16388.8   0.233158
16398.4   0.239276
16408   0.248614
16417.6   0.261852
16427.3   0.279785
16436.9   0.30325
16446.5   0.332899
16456.1   0.368665
16465.8   0.408735
16475.4   0.448137
16485.1   0.478043
16494.7   0.488143
16504.4   0.472878
16514   0.436311
16523.7   0.389459
16533.4   0.343216
16543   0.30423
16552.7   0.275151
16562.4   0.256488
16572.1   0.248173
16581.8   0.25049
16591.5   0.264576
16601.3   0.2926
16611   0.337203
16620.7   0.398551
16630.4   0.466266
16640.2   0.510658
16649.9   0.499576
16659.7   0.439726
16669.4   0.368445
16679.2   0.311736
16688.9   0.276615
16698.7   0.262588
16708.5   0.269254
16718.3   0.298962
16728.1   0.356328
16737.8   0.440257
16747.6   0.519237
16757.5   0.526159
16767.3   0.451827
16777.1   0.36381
16786.9   0.303822
16796.7   0.277238
16806.6   0.282161
16816.4   0.321327
16826.3   0.401008
16836.1   0.506703
16846   0.553754
16855.8   0.480621
16865.7   0.375901
16875.6   0.309264
16885.5   0.287837
16895.3   0.309759
16905.2   0.381675
16915.1   0.500015
16925   0.573117
16934.9   0.495506
16944.9   0.378045
16954.8   0.312044
16964.7   0.302915
16974.6   0.351133
16984.6   0.464676
16994.5   0.583091
17004.5   0.536516
17014.4   0.402549
17024.4   0.324551
17034.4   0.316596
17044.3   0.379819
17054.3   0.517943
17064.3   0.606365
17074.3   0.491739
17084.3   0.365859
17094.3   0.323378
17104.3   0.363032
17114.3   0.493714
17124.3   0.622284
17134.4   0.523193
17144.4   0.381432
17154.4   0.334859
17164.5   0.384649
17174.5   0.537138
17184.6   0.635731
17194.6   0.487898
17204.7   0.365469
17214.8   0.355004
17224.9   0.459385
17234.9   0.635826
17245   0.576187
17255.1   0.408081
17265.2   0.358077
17275.3   0.43465
17285.5   0.623132
17295.6   0.616341
17305.7   0.431683
17315.8   0.368837
17326   0.447674
17336.1   0.645739
17346.3   0.61192
17356.4   0.425713
17366.6   0.383639
17376.8   0.500482
17386.9   0.692226
17397.1   0.556962
17407.3   0.40389
17417.5   0.421562
17427.7   0.610975
17437.9   0.679717
17448.1   0.46841
17458.3   0.403538
17468.5   0.528793
17478.8   0.722095
17489   0.544042
17499.2   0.413976
17509.5   0.488245
17519.7   0.715439
17530   0.602317
17540.3   0.431558
17550.5   0.478048
17560.8   0.711202
17571.1   0.630148
17581.4   0.444005
17591.7   0.488804
17602   0.728321
17612.3   0.625391
17622.6   0.448492
17632.9   0.521056
17643.2   0.760721
17653.6   0.589297
17663.9   0.452451
17674.2   0.585249
17684.6   0.773067
17694.9   0.533255
17705.3   0.473957
17715.7   0.691923
17726   0.711128
17736.4   0.485518
17746.8   0.543259
17757.2   0.793393
17767.6   0.588769
17778   0.484506
17788.4   0.692316
17798.8   0.733357
17809.2   0.500045
17819.7   0.579408
17830.1   0.813007
17840.5   0.565446
17851   0.520774
17861.4   0.783363
17871.9   0.656418
17882.4   0.505301
17892.8   0.711694
17903.3   0.742886
17913.8   0.515285
17924.3   0.651742
17934.8   0.802037
17945.3   0.536806
17955.8   0.614954
17966.3   0.83193
17976.8   0.559241
17987.3   0.597552
17997.9   0.844347
18008.4   0.575227
18018.9   0.594632
18029.5   0.850236
18040.1   0.580966
18050.6   0.603924
18061.2   0.852788
18071.8   0.576283
18082.3   0.62649
18092.9   0.846479
18103.5   0.564646
18114.1   0.666367
18124.7   0.819475
18135.3   0.553231
18146   0.728124
18156.6   0.762568
18167.2   0.552881
18177.9   0.807354
18188.5   0.682857
18199.1   0.578225
18209.8   0.867899
18220.5   0.605952
18231.1   0.647362
18241.8   0.839968
18252.5   0.561961
18263.2   0.768717
18273.9   0.718214
18284.6   0.577695
18295.3   0.872834
18306   0.599758
18316.7   0.680426
18327.4   0.800962
18338.2   0.562271
18348.9   0.844703
18359.6   0.632763
18370.4   0.645732
18381.1   0.828368
18391.9   0.560404
18402.7   0.836882
18413.4   0.631464
18424.2   0.652419
18435   0.809226
18445.8   0.56031
18456.6   0.86139
18467.4   0.595589
18478.2   0.705485
18489   0.734762
18499.9   0.580195
18510.7   0.865888
18521.5   0.55495
18532.4   0.813615
18543.2   0.618325
18554.1   0.667765
18565   0.746109
18575.8   0.570576
18586.7   0.855281
18597.6   0.543274
18608.5   0.837871
18619.4   0.574585
18630.3   0.727232
18641.2   0.652459
18652.1   0.621217
18663   0.754027
18673.9   0.555763
18684.9   0.834287
18695.8   0.528633
18706.8   0.850218
18717.7   0.530906
18728.7   0.804011
18739.6   0.554716
18750.6   0.731751
18761.6   0.593029
18772.6   0.662732
18783.6   0.638613
18794.6   0.60809
18805.6   0.68411
18816.6   0.568445
18827.6   0.723286
18838.6   0.540897
18849.6   0.752459
18860.7   0.522122
18871.7   0.770863
18882.8   0.509367
18893.8   0.77972
18904.9   0.500685
18916   0.780751
18927   0.494964
18938.1   0.77496
18949.2   0.491916
18960.3   0.762045
18971.4   0.492057
18982.5   0.740509
18993.6   0.496721
19004.7   0.708506
19015.9   0.508071
19027   0.665356
19038.1   0.529096
19049.3   0.613107
19060.4   0.563371
19071.6   0.557017
19082.8   0.613842
19093.9   0.504341
19105.1   0.678637
19116.3   0.462389
19127.5   0.741303
19138.7   0.437517
19149.9   0.762848
19161.1   0.435845
19172.3   0.7084
19183.6   0.465168
19194.8   0.599643
19206   0.535433
19217.3   0.494343
19228.5   0.646028
19239.8   0.428006
19251.1   0.734738
19262.3   0.411653
19273.6   0.682753
19284.9   0.454517
19296.2   0.534998
19307.5   0.570035
19318.8   0.425815
19330.1   0.705981
19341.4   0.394893
19352.7   0.65712
19364.1   0.451736
19375.4   0.483636
19386.8   0.607357
19398.1   0.388683
19409.5   0.695734
19420.8   0.404386
19432.2   0.522078
19443.6   0.54719
19455   0.386551
19466.3   0.687469
19477.7   0.388933
19489.2   0.511017
19500.6   0.544855
19512   0.370765
19523.4   0.666225
19534.8   0.397221
19546.3   0.451462
19557.7   0.59865
19569.2   0.352647
19580.6   0.58867
19592.1   0.452473
19603.6   0.374753
19615   0.654756
19626.5   0.370127
19638   0.440279
19649.5   0.589157
19661   0.339583
19672.5   0.523927
19684   0.493528
19695.6   0.337377
19707.1   0.590704
19718.6   0.425106
19730.2   0.34811
19741.7   0.620328
19753.3   0.384633
19764.9   0.360819
19776.4   0.622106
19788   0.362826
19799.6   0.367661
19811.2   0.614958
19822.8   0.353298
19834.4   0.364368
19846   0.609064
19857.6   0.353859
19869.3   0.350649
19880.9   0.601966
19892.5   0.366354
19904.2   0.330116
19915.8   0.57928
19927.5   0.396635
19939.2   0.309723
19950.8   0.523609
19962.5   0.453188
19974.2   0.298865
19985.9   0.438108
19997.6   0.533978
20009.3   0.309689
20021   0.353439
20032.7   0.578854
20044.5   0.360623
20056.2   0.299466
20068   0.493886
20079.7   0.472597
20091.5   0.293057
20103.2   0.359197
20115   0.567638
20126.8   0.35769
20138.6   0.287717
20150.3   0.44589
20162.1   0.513473
20174   0.305256
20185.8   0.305986
20197.6   0.509385
20209.4   0.448049
20221.2   0.285238
20233.1   0.323958
20244.9   0.532177
20256.8   0.415896
20268.6   0.278225
20280.5   0.326706
20292.4   0.528841
20304.3   0.41741
20316.2   0.277752
20328   0.310663
20339.9   0.501499
20351.9   0.452647
20363.8   0.288161
20375.7   0.284244
20387.6   0.436079
20399.6   0.513417
20411.5   0.32558
20423.5   0.265459
20435.4   0.344789
20447.4   0.523289
20459.4   0.418363
20471.3   0.279957
20483.3   0.275455
20495.3   0.399487
20507.3   0.527605
20519.3   0.371351
20531.3   0.267834
20543.4   0.281252
20555.4   0.410813
20567.4   0.523045
20579.5   0.373872
20591.5   0.269623
20603.6   0.270545
20615.6   0.372987
20627.7   0.517833
20639.8   0.42721
20651.9   0.293585
20664   0.256703
20676.1   0.304871
20688.2   0.441409
20700.3   0.512984
20712.4   0.378152
20724.5   0.276552
20736.7   0.256899
20748.8   0.30963
20760.9   0.437589
20773.1   0.515447
20785.3   0.402334
20797.4   0.292737
20809.6   0.254572
20821.8   0.276683
20834   0.362579
20846.2   0.487834
20858.4   0.494482
20870.6   0.374648
20882.8   0.285645
20895   0.254243
20907.3   0.270787
20919.5   0.337185
20931.8   0.448154
20944   0.516162
20956.3   0.447266
20968.6   0.34154
20980.8   0.276718
20993.1   0.25445
21005.4   0.267809
21017.7   0.317586
21030   0.404586
21042.3   0.496298
21054.6   0.509065
21067   0.431721
21079.3   0.34435
21091.7   0.286871
21104   0.259919
21116.4   0.258064
21128.7   0.279227
21141.1   0.324492
21153.5   0.393347
21165.9   0.471433
21178.2   0.519667
21190.6   0.503916
21203.1   0.441487
21215.5   0.372944
21227.9   0.319584
21240.3   0.28477
21252.8   0.265997
21265.2   0.260475
21277.6   0.266471
21290.1   0.283264
21302.6   0.31069
21315   0.348389
21327.5   0.394634
21340   0.444871
21352.5   0.490959
21365   0.522937
21377.5   0.533697
21390   0.523054
21402.6   0.497071
21415.1   0.463784
21427.6   0.429619
21440.2   0.398316
21452.7   0.371456
21465.3   0.349328
21477.9   0.331599
21490.4   0.317697
21503   0.307011
21515.6   0.298969
21528.2   0.29307
21540.8   0.288887
21553.4   0.286064
21566   0.284305
21578.7   0.28337
21591.3   0.283073
21603.9   0.283276
21616.6   0.283886
21629.2   0.284858
21641.9   0.286193
21654.6   0.287938
21667.3   0.29019
21679.9   0.293094
21692.6   0.296849
21705.3   0.301713
21718   0.308005
21730.8   0.316115
21743.5   0.326513
21756.2   0.33975
21769   0.356457
21781.7   0.37731
21794.5   0.402939
21807.2   0.433722
21820   0.469368
21832.8   0.508216
21845.5   0.546341
21858.3   0.577014
21871.1   0.591781
21883.9   0.58407
21896.8   0.553586
21909.6   0.507263
21922.4   0.455417
21935.2   0.406931
21948.1   0.367162
21960.9   0.338494
21973.8   0.321785
21986.7   0.317633
21999.5   0.327233
22012.4   0.352863
22025.3   0.397738
22038.2   0.463877
22051.1   0.544716
22064   0.612315
22076.9   0.622644
22089.8   0.564573
22102.8   0.478331
22115.7   0.404341
22128.7   0.357613
22141.6   0.339729
22154.6   0.351083
22167.6   0.395539
22180.5   0.478261
22193.5   0.587089
22206.5   0.65471
22219.5   0.607584
22232.5   0.497035
22245.6   0.407408
22258.6   0.363736
22271.6   0.366259
22284.7   0.418536
22297.7   0.526604
22310.8   0.652423
22323.8   0.662728
22336.9   0.541651
22350   0.429209
22363.1   0.379897
22376.1   0.395185
22389.2   0.481375
22402.4   0.629129
22415.5   0.699964
22428.6   0.581451
22441.7   0.448811
22454.9   0.396142
22468   0.427443
22481.2   0.55041
22494.3   0.70709
22507.5   0.667088
22520.7   0.503297
22533.9   0.418084
22547.1   0.436461
22560.3   0.564931
22573.5   0.732223
22586.7   0.663007
22599.9   0.49215
22613.1   0.429623
22626.4   0.491894
22639.6   0.674346
22652.9   0.747671
22666.2   0.565464
22679.4   0.452134
22692.7   0.482893
22706   0.659114
22719.3   0.773525
22732.6   0.589004
22745.9   0.467195
22759.2   0.510109
22772.5   0.709913
22785.9   0.766065
22799.2   0.557319
22812.6   0.478669
22825.9   0.587972
22839.3   0.800898
22852.7   0.680901
22866   0.507733
22879.4   0.534754
22892.8   0.751763
22906.2   0.77026
22919.6   0.551746
22933.1   0.525204
22946.5   0.72109
22959.9   0.811024
22973.4   0.581279
22986.8   0.535203
23000.3   0.731439
23013.7   0.819195
23027.2   0.584906
23040.7   0.558667
23054.2   0.782218
23067.7   0.791912
23081.2   0.569977
23094.7   0.608016
23108.2   0.855279
23121.8   0.717222
23135.3   0.562791
23148.8   0.710663
23162.4   0.869151
23175.9   0.624182
23189.5   0.608446
23203.1   0.85987
23216.7   0.744674
23230.3   0.585901
23243.9   0.761594
23257.5   0.855992
23271.1   0.613684
23284.7   0.684067
23298.4   0.904719
23312   0.664337
23325.7   0.644622
23339.3   0.901689
23353   0.715546
23366.6   0.63081
23380.3   0.884529
23394   0.752499
23407.7   0.63026
23421.4   0.876213
23435.1   0.768817
23448.9   0.635981
23462.6   0.883884
23476.3   0.763384
23490.1   0.64697
23503.8   0.905467
23517.6   0.738009
23531.4   0.668201
23545.1   0.928548
23558.9   0.699255
23572.7   0.710105
23586.5   0.92516
23600.3   0.661565
23614.1   0.78473
23628   0.86465
23641.8   0.647237
23655.6   0.885545
23669.5   0.758312
23683.3   0.684339
23697.2   0.93576
23711.1   0.667742
23725   0.797789
23738.9   0.836845
23752.8   0.654973
23766.7   0.929209
23780.6   0.688335
23794.5   0.764714
23808.4   0.854146
23822.4   0.649098
23836.3   0.929001
23850.3   0.67369
23864.3   0.788408
23878.2   0.80829
23892.2   0.661307
23906.2   0.927344
23920.2   0.636867
23934.2   0.872146
23948.2   0.703664
23962.2   0.734615
23976.3   0.825857
23990.3   0.643202
24004.3   0.91695
24018.4   0.618124
24032.5   0.895749
24046.5   0.646968
24060.6   0.798566
24074.7   0.714017
24088.8   0.701839
24102.9   0.797351
24117   0.635829
24131.1   0.867633
24145.3   0.59996
24159.4   0.901487
24173.5   0.586047
24187.7   0.896664
24201.9   0.585932
24216   0.868031
24230.2   0.592769
24244.4   0.832466
24258.6   0.601045
24272.8   0.800773
24287   0.60659
24301.2   0.777943
24315.5   0.606625
24329.7   0.765792
24343.9   0.599762
24358.2   0.764881
24372.4   0.585996
24386.7   0.775194
24401   0.566723
24415.3   0.795556
24429.6   0.544781
24443.9   0.82153
24458.2   0.524383
24472.5   0.841905
24486.8   0.510972
24501.2   0.837047
24515.5   0.511197
24529.9   0.788085
24544.2   0.533272
24558.6   0.697754
24573   0.586978
24587.4   0.595559
24601.8   0.67801
24616.2   0.514486
24630.6   0.779942
24645   0.474225
24659.4   0.796237
24673.9   0.487299
24688.3   0.67482
24702.8   0.569852
24717.2   0.530028
24731.7   0.717128
24746.2   0.454479
24760.7   0.774624
24775.2   0.470615
24789.7   0.613614
24804.2   0.598065
24818.7   0.463912
24833.3   0.759742
24847.8   0.43744
24862.3   0.639812
24876.9   0.555487
24891.5   0.454492
24906   0.743919
24920.6   0.427174
24935.2   0.59119
24949.8   0.584222
24964.4   0.418341
24979   0.722794
24993.7   0.450677
25008.3   0.482403
25022.9   0.684248
25037.6   0.398045
25052.3   0.580902
25066.9   0.569464
25081.6   0.39104
25096.3   0.661555
25111   0.484066
25125.7   0.403755
25140.4   0.69293
25155.1   0.435767
25169.8   0.418539
25184.6   0.690491
25199.3   0.411585
25214.1   0.423627
25228.8   0.680972
25243.6   0.403104
25258.4   0.413833
25273.2   0.674249
25288   0.40898
25302.8   0.390931
25317.6   0.65914
25332.4   0.434821
25347.3   0.363263
25362.1   0.608717
25376.9   0.492243
25391.8   0.34439
25406.7   0.5119
25421.5   0.585295
25436.4   0.352403
25451.3   0.405957
25466.2   0.642792
25481.1   0.414441
25496.1   0.339841
25511   0.533181
25525.9   0.556468
25540.9   0.343109
25555.8   0.378675
25570.8   0.614457
25585.8   0.456848
25600.7   0.323735
25615.7   0.421557
25630.7   0.621136
25645.7   0.410404
25660.7   0.318955
25675.8   0.436457
25690.8   0.612537
25705.8   0.403864
25720.9   0.314149
25736   0.413078
25751   0.607475
25766.1   0.435754
25781.2   0.313191
25796.3   0.361848
25811.4   0.561584
25826.5   0.51823
25841.6   0.338391
25856.7   0.313865
25871.9   0.4387
25887   0.596723
25902.2   0.435681
25917.4   0.312501
25932.5   0.324825
25947.7   0.468604
25962.9   0.588534
25978.1   0.424742
25993.3   0.31099
26008.5   0.314587
26023.8   0.430936
26039   0.583732
26054.2   0.482601
26069.5   0.338019
26084.8   0.296942
26100   0.34784
26115.3   0.491529
26130.6   0.58075
26145.9   0.448351
26161.2   0.328747
26176.5   0.294909
26191.9   0.335135
26207.2   0.452662
26222.5   0.575894
26237.9   0.516121
26253.3   0.381043
26268.6   0.307197
26284   0.296362
26299.4   0.341915
26314.8   0.446484
26330.2   0.56325
26345.6   0.553217
26361   0.43701
26376.5   0.342868
26391.9   0.299332
26407.4   0.298268
26422.8   0.336356
26438.3   0.415376
26453.8   0.520025
26469.3   0.581288
26484.8   0.537668
26500.3   0.442333
26515.8   0.362931
26531.3   0.315933
26546.9   0.297255
26562.4   0.302179
26577.9   0.329067
26593.5   0.378066
26609.1   0.446891
26624.7   0.522886
26640.3   0.577904
26655.8   0.58432
26671.5   0.543697
26687.1   0.4823
26702.7   0.423285
26718.3   0.376445
26734   0.343084
26749.6   0.321488
26765.3   0.309492
26781   0.305263
26796.6   0.307398
26812.3   0.314823
26828   0.326654
26843.7   0.342088
26859.5   0.36031
26875.2   0.380459
26890.9   0.401622
26906.7   0.42287
26922.4   0.443322
26938.2   0.462213
26953.9   0.478943
26969.7   0.4931
26985.5   0.504442
27001.3   0.512857
27017.1   0.518311
27032.9   0.520796
27048.8   0.5203
27064.6   0.516801
27080.5   0.510282
27096.3   0.500775
27112.2   0.48841
27128.1   0.47347
27143.9   0.456425
27159.8   0.437941
27175.7   0.418847
27191.6   0.400085
27207.6   0.382639
27223.5   0.367494
27239.4   0.355607
27255.4   0.347934
27271.3   0.345496
27287.3   0.34948
27303.3   0.361371
27319.3   0.383075
27335.3   0.416889
27351.3   0.46497
27367.3   0.527421
27383.3   0.597745
27399.3   0.656833
27415.4   0.675893
27431.4   0.639904
27447.5   0.566688
27463.6   0.488629
27479.6   0.427109
27495.7   0.389628
27511.8   0.377762
27527.9   0.393292
27544.1   0.440687
27560.2   0.524629
27576.3   0.633814
27592.5   0.708728
27608.6   0.675474
27624.8   0.566681
27641   0.467496
27657.1   0.413108
27673.3   0.40739
27689.5   0.453736
27705.8   0.559032
27722   0.695225
27738.2   0.733739
27754.5   0.61959
27770.7   0.49302
27787   0.431964
27803.2   0.443829
27819.5   0.535137
27835.8   0.692996
27852.1   0.762921
27868.4   0.63247
27884.7   0.495578
27901   0.450587
27917.4   0.504901
27933.7   0.661531
27950.1   0.790797
27966.4   0.673005
27982.8   0.516719
27999.2   0.473879
28015.6   0.556817
28032   0.747024
28048.4   0.786829
28064.8   0.600256
28081.3   0.496826
28097.7   0.542064
28114.2   0.730788
28130.6   0.819383
28147.1   0.626963
28163.6   0.516211
28180.1   0.579766
28196.6   0.791692
28213.1   0.798706
28229.6   0.591049
28246.1   0.540419
28262.7   0.690453
28279.2   0.866891
28295.8   0.685178
28312.3   0.554603
28328.9   0.647102
28345.5   0.870227
28362.1   0.744174
28378.7   0.577302
28395.3   0.651593
28411.9   0.881884
28428.6   0.752788
28445.2   0.591533
28461.9   0.695342
28478.5   0.906636
28495.2   0.714846
28511.9   0.608697
28528.6   0.788121
28545.3   0.887903
28562   0.655487
28578.7   0.668076
28595.5   0.908946
28612.2   0.774015
28629   0.636687
28645.7   0.819809
28662.5   0.886057
28679.3   0.661567
28696.1   0.744801
28712.9   0.937926
28729.7   0.708006
28746.5   0.707955
28763.3   0.943453
28780.2   0.750416
28797   0.697004
28813.9   0.938302
28830.8   0.774574
28847.6   0.700282
28864.5   0.94129
28881.4   0.77605
28898.3   0.713783
28915.3   0.953336
28932.2   0.756762
28949.1   0.741755
28966.1   0.959615
28983   0.72545
29000   0.79484
