2000 
    Freq test
7000   0.0148388
7004.98   0.0233408
7009.96   0.0201656
7014.95   0.0165412
7019.94   0.0303731
7024.93   0.014451
7029.93   0.0320247
7034.93   0.016615
7039.93   0.0217999
7044.94   0.0247036
7049.95   0.0159881
7054.97   0.0352303
7059.98   0.0157111
7065.01   0.027907
7070.03   0.0214019
7075.06   0.0183699
7080.09   0.0342373
7085.13   0.0160017
7090.17   0.0327895
7095.21   0.0202782
7100.26   0.020617
7105.31   0.0335234
7110.36   0.0167045
7115.42   0.0356456
7120.48   0.0205908
7125.55   0.0219134
7130.61   0.0348104
7135.69   0.0174519
7140.76   0.0365246
7145.84   0.0221898
7150.92   0.0219239
7156.01   0.0384373
7161.1   0.018308
7166.19   0.0349356
7171.29   0.0256469
7176.39   0.0209893
7181.5   0.0432965
7186.61   0.0198847
7191.72   0.0306155
7196.83   0.0324272
7201.95   0.020102
7207.07   0.0441159
7212.2   0.0236393
7217.33   0.0253418
7222.46   0.0433636
7227.6   0.0207795
7232.74   0.0361169
7237.89   0.0326548
7243.04   0.0219483
7248.19   0.0478273
7253.34   0.0256355
7258.5   0.0266449
7263.67   0.0483776
7268.83   0.0228786
7274   0.0349748
7279.18   0.0402006
7284.35   0.0229407
7289.54   0.0455668
7294.72   0.0328734
7299.91   0.025068
7305.1   0.0537143
7310.3   0.0285619
7315.5   0.0289112
7320.7   0.0553411
7325.91   0.0265392
7331.12   0.0341362
7336.33   0.0521886
7341.55   0.0259931
7346.77   0.0401818
7352   0.0480352
7357.23   0.0263677
7362.46   0.0462625
7367.7   0.0448153
7372.94   0.0272746
7378.19   0.051635
7383.43   0.0429652
7388.69   0.0284194
7393.94   0.0558741
7399.2   0.042425
7404.46   0.0295779
7409.73   0.0588726
7415   0.0431002
7420.27   0.0306048
7425.55   0.0606138
7430.83   0.0450124
7436.12   0.0314553
7441.41   0.0609663
7446.7   0.0483475
7452   0.0322043
7457.3   0.0596876
7462.6   0.0534574
7467.91   0.0330623
7473.22   0.0566663
7478.54   0.060741
7483.86   0.0343941
7489.18   0.0522416
7494.51   0.0701022
7499.84   0.0367686
7505.18   0.0472775
7510.51   0.0794587
7515.86   0.0410801
7521.2   0.0428792
7526.55   0.0832593
7531.91   0.0487707
7537.26   0.0400712
7542.62   0.076668
7547.99   0.0618699
7553.36   0.0398093
7558.73   0.0635261
7564.11   0.0806488
7569.49   0.043426
7574.87   0.051735
7580.26   0.0939235
7585.65   0.0534917
7591.05   0.0452407
7596.45   0.0838746
7601.85   0.0740311
7607.26   0.0453091
7612.67   0.0634868
7618.08   0.0996289
7623.5   0.0544013
7628.93   0.0509255
7634.35   0.094949
7639.78   0.0784264
7645.22   0.0494979
7650.65   0.0682733
7656.1   0.109614
7661.54   0.0621082
7666.99   0.0538836
7672.45   0.0946901
7677.9   0.0965695
7683.36   0.056355
7688.83   0.065017
7694.3   0.117582
7699.77   0.0819217
7705.25   0.0569815
7710.73   0.0809062
7716.21   0.125603
7721.7   0.0741095
7727.19   0.0611761
7732.69   0.0983099
7738.19   0.124367
7743.7   0.071679
7749.2   0.0669889
7754.72   0.113644
7760.23   0.123186
7765.75   0.0727114
7771.27   0.0728091
7776.8   0.124871
7782.33   0.126318
7787.87   0.0761821
7793.41   0.0774643
7798.95   0.131306
7804.5   0.13522
7810.05   0.0820232
7815.61   0.0805493
7821.17   0.132201
7826.73   0.150274
7832.3   0.0912998
7837.87   0.082703
7843.44   0.126873
7849.02   0.169127
7854.6   0.106644
7860.19   0.0857653
7865.78   0.116705
7871.38   0.181685
7876.98   0.13263
7882.58   0.09303
7888.19   0.106093
7893.8   0.172651
7899.41   0.172407
7905.03   0.110239
7910.65   0.100831
7916.28   0.145052
7921.91   0.206583
7927.55   0.147354
7933.19   0.107463
7938.83   0.120781
7944.48   0.189021
7950.13   0.207351
7955.78   0.137108
7961.44   0.114827
7967.1   0.145431
7972.77   0.222843
7978.44   0.205064
7984.12   0.138939
7989.8   0.126209
7995.48   0.167099
8001.17   0.245614
8006.86   0.214161
8012.55   0.149162
8018.25   0.137952
8023.96   0.180397
8029.66   0.261519
8035.37   0.238272
8041.09   0.167961
8046.81   0.14953
8052.53   0.183981
8058.26   0.266593
8063.99   0.277198
8069.73   0.200556
8075.47   0.164943
8081.21   0.181809
8086.96   0.25258
8092.71   0.315312
8098.47   0.256954
8104.23   0.194575
8109.99   0.184175
8115.76   0.225678
8121.54   0.3107
8127.31   0.332225
8133.09   0.257518
8138.88   0.208328
8144.67   0.209942
8150.46   0.2625
8156.26   0.347667
8162.06   0.356615
8167.87   0.282407
8173.68   0.233731
8179.49   0.233753
8185.31   0.282409
8191.13   0.365974
8196.96   0.39639
8202.79   0.333301
8208.62   0.273533
8214.46   0.257885
8220.3   0.287941
8226.15   0.359592
8232   0.4272
8237.86   0.409708
8243.72   0.342391
8249.58   0.298865
8255.45   0.296908
8261.32   0.336346
8267.2   0.407628
8273.08   0.46302
8278.96   0.444789
8284.85   0.38542
8290.74   0.343162
8296.64   0.33642
8302.54   0.365838
8308.45   0.424376
8314.36   0.483169
8320.27   0.495258
8326.19   0.45656
8332.11   0.410018
8338.04   0.385459
8343.97   0.390369
8349.91   0.422832
8355.84   0.472539
8361.79   0.515248
8367.74   0.524023
8373.69   0.49893
8379.64   0.464894
8385.6   0.443015
8391.57   0.441286
8397.54   0.45927
8403.51   0.490645
8409.49   0.522974
8415.47   0.54146
8421.46   0.539308
8427.45   0.523158
8433.44   0.505659
8439.44   0.4962
8445.44   0.498271
8451.45   0.510456
8457.46   0.527622
8463.48   0.542526
8469.5   0.549046
8475.52   0.545777
8481.55   0.536608
8487.58   0.527724
8493.62   0.524226
8499.66   0.528533
8505.71   0.540111
8511.76   0.555598
8517.81   0.569396
8523.87   0.575495
8529.93   0.570422
8536   0.555304
8542.07   0.535075
8548.15   0.515713
8554.23   0.501993
8560.31   0.496776
8566.4   0.50123
8572.5   0.515122
8578.59   0.536729
8584.7   0.562452
8590.8   0.586607
8596.91   0.602311
8603.03   0.603916
8609.15   0.589831
8615.27   0.563322
8621.4   0.530515
8627.53   0.497492
8633.67   0.468577
8639.81   0.446134
8645.95   0.431116
8652.1   0.423682
8658.26   0.423621
8664.42   0.430547
8670.58   0.443918
8676.75   0.462932
8682.92   0.486333
8689.1   0.512197
8695.28   0.537821
8701.46   0.559876
8707.65   0.57495
8713.84   0.580412
8720.04   0.575208
8726.25   0.560155
8732.45   0.537531
8738.66   0.510258
8744.88   0.481109
8751.1   0.452249
8757.32   0.42511
8763.55   0.400479
8769.79   0.378674
8776.02   0.359707
8782.27   0.343415
8788.51   0.329545
8794.77   0.317812
8801.02   0.307928
8807.28   0.299618
8813.55   0.292627
8819.81   0.286724
8826.09   0.281701
8832.37   0.277372
8838.65   0.273572
8844.94   0.270156
8851.23   0.266994
8857.52   0.263977
8863.82   0.261009
8870.13   0.258014
8876.44   0.25493
8882.75   0.251709
8889.07   0.248321
8895.39   0.24475
8901.72   0.240994
8908.05   0.237066
8914.39   0.232992
8920.73   0.228809
8927.07   0.224568
8933.42   0.22033
8939.78   0.216164
8946.14   0.21215
8952.5   0.208375
8958.87   0.204934
8965.24   0.201929
8971.62   0.199472
8978   0.197683
8984.39   0.196695
8990.78   0.196653
8997.17   0.197724
9003.57   0.200095
9009.98   0.203979
9016.38   0.20962
9022.8   0.21728
9029.21   0.227226
9035.64   0.239685
9042.06   0.25474
9048.5   0.272161
9054.93   0.291114
9061.37   0.309811
9067.82   0.325268
9074.27   0.333609
9080.72   0.331316
9087.18   0.317098
9093.65   0.292962
9100.11   0.263326
9106.59   0.232919
9113.07   0.205184
9119.55   0.181915
9126.03   0.163682
9132.53   0.15042
9139.02   0.141873
9145.52   0.137863
9152.03   0.138447
9158.54   0.144016
9165.05   0.155336
9171.57   0.17344
9178.09   0.199005
9184.62   0.230456
9191.16   0.260363
9197.69   0.274172
9204.24   0.260718
9210.78   0.226364
9217.33   0.187724
9223.89   0.155802
9230.45   0.133555
9237.02   0.120356
9243.59   0.115127
9250.16   0.117532
9256.74   0.128346
9263.33   0.149364
9269.92   0.18179
9276.51   0.219721
9283.11   0.240556
9289.71   0.222312
9296.32   0.180265
9302.93   0.141867
9309.55   0.116681
9316.17   0.10387
9322.8   0.101557
9329.43   0.109676
9336.06   0.130374
9342.71   0.16583
9349.35   0.206122
9356   0.214339
9362.66   0.177176
9369.31   0.133685
9375.98   0.105666
9382.65   0.0929936
9389.32   0.0930157
9396   0.106219
9402.68   0.136145
9409.37   0.179868
9416.07   0.199269
9422.76   0.163546
9429.47   0.119047
9436.17   0.0931134
9442.88   0.0842104
9449.6   0.0897946
9456.32   0.112366
9463.05   0.154628
9469.78   0.186426
9476.52   0.156275
9483.26   0.110218
9490   0.0849093
9496.75   0.0783449
9503.51   0.0882615
9510.27   0.118935
9517.03   0.16512
9523.8   0.164892
9530.58   0.116278
9537.35   0.0838057
9544.14   0.0735332
9550.93   0.0814274
9557.72   0.111613
9564.52   0.158303
9571.32   0.150474
9578.13   0.101324
9584.94   0.0745748
9591.76   0.0701905
9598.58   0.0862656
9605.41   0.128436
9612.24   0.15675
9619.08   0.112667
9625.92   0.0761984
9632.77   0.0660652
9639.62   0.0774436
9646.48   0.116152
9653.34   0.150585
9660.21   0.108268
9667.08   0.0718709
9673.95   0.063243
9680.83   0.0778578
9687.72   0.121691
9694.61   0.139184
9701.51   0.0896279
9708.41   0.063307
9715.31   0.0634938
9722.22   0.0908268
9729.14   0.137344
9736.06   0.107464
9742.99   0.0673255
9749.92   0.0584604
9756.85   0.0759859
9763.79   0.123769
9770.74   0.115302
9777.69   0.069235
9784.64   0.0561322
9791.6   0.0705466
9798.57   0.117409
9805.54   0.112045
9812.51   0.0661216
9819.49   0.0543728
9826.47   0.0716927
9833.46   0.12004
9840.46   0.0986838
9847.46   0.0590163
9854.46   0.0541187
9861.47   0.0812285
9868.49   0.122435
9875.51   0.0774535
9882.53   0.0520736
9889.56   0.0593076
9896.59   0.103083
9903.63   0.101837
9910.68   0.0576197
9917.73   0.0509069
9924.78   0.0787038
9931.84   0.11483
9938.91   0.0665899
9945.98   0.0484068
9953.05   0.0646025
9960.13   0.111975
9967.21   0.0748979
9974.3   0.0479951
9981.4   0.0575802
9988.5   0.104897
9995.6   0.0791552
10002.7   0.0476279
10009.8   0.0545945
10016.9   0.101062
10024.1   0.0779514
10031.2   0.0464212
10038.3   0.0545
10045.5   0.101683
10052.6   0.0714876
10059.8   0.0445877
10066.9   0.0577207
10074.1   0.103714
10081.3   0.0613469
10088.4   0.0433125
10095.6   0.0662379
10102.8   0.0982382
10110   0.0507011
10117.2   0.0446748
10124.4   0.0826335
10131.6   0.0784465
10138.8   0.0431053
10146   0.0523177
10153.2   0.0981531
10160.4   0.0555412
10167.6   0.0414982
10174.9   0.0726985
10182.1   0.0806233
10189.4   0.0421053
10196.6   0.0505008
10203.9   0.0952503
10211.1   0.0509541
10218.4   0.0411752
10225.6   0.0793526
10232.9   0.0669035
10240.2   0.0390762
10247.5   0.0596221
10254.8   0.0840422
10262.1   0.0411588
10269.4   0.0476825
10276.7   0.0910545
10284   0.0458802
10291.3   0.0414812
10298.6   0.085952
10305.9   0.0519207
10313.3   0.0384504
10320.6   0.0768819
10327.9   0.0577896
10335.3   0.0370426
10342.6   0.069389
10350   0.0621102
10357.4   0.0363598
10364.7   0.0648177
10372.1   0.0640479
10379.5   0.0359001
10386.9   0.0630918
10394.3   0.0633393
10401.6   0.0354682
10409   0.0640565
10416.4   0.0600641
10423.9   0.0351475
10431.3   0.0677209
10438.7   0.0546223
10446.1   0.03529
10453.5   0.0737901
10461   0.0479162
10468.4   0.0365412
10475.9   0.0800022
10483.3   0.0412844
10490.8   0.0399734
10498.2   0.0799691
10505.7   0.0360697
10513.2   0.0473776
10520.7   0.0683125
10528.1   0.0333459
10535.6   0.0609642
10543.1   0.0513718
10550.6   0.0342685
10558.1   0.0766149
10565.6   0.0385793
10573.2   0.0411549
10580.7   0.0715872
10588.2   0.0326641
10595.7   0.058297
10603.3   0.0490123
10610.8   0.0341051
10618.4   0.0765308
10625.9   0.0347101
10633.5   0.0466345
10641   0.0579899
10648.6   0.0319317
10656.2   0.072052
10663.8   0.0364404
10671.3   0.0423186
10678.9   0.0607937
10686.5   0.0312271
10694.1   0.0702992
10701.7   0.0357198
10709.3   0.0428616
10717   0.0567765
10724.6   0.0312367
10732.2   0.0724492
10739.9   0.0327977
10747.5   0.0488768
10755.1   0.0469249
10762.8   0.0333021
10770.4   0.069645
10778.1   0.0300884
10785.8   0.062678
10793.4   0.0357884
10801.1   0.041575
10808.8   0.0515939
10816.5   0.031446
10824.2   0.0696472
10831.9   0.0295642
10839.6   0.0626461
10847.3   0.0338228
10855   0.0444611
10862.7   0.0447186
10870.5   0.0335915
10878.2   0.0608202
10885.9   0.0292794
10893.7   0.0692496
10901.4   0.0292369
10909.2   0.0601463
10916.9   0.032631
10924.7   0.0464146
10932.5   0.039433
10940.2   0.036793
10948   0.0493453
10955.8   0.0313719
10963.6   0.0600729
10971.4   0.0287685
10979.2   0.0667571
10987   0.028006
10994.8   0.06619
11002.7   0.0285066
11010.5   0.060484
11018.3   0.0299002
11026.2   0.0535446
11034   0.0318932
11041.8   0.0475346
11049.7   0.0342013
11057.6   0.0429844
11065.4   0.0365305
11073.3   0.0397637
11081.2   0.0385952
11089.1   0.0376062
11096.9   0.0401515
11104.8   0.0362841
11112.7   0.0410251
11120.6   0.035648
11128.5   0.0411215
11136.5   0.0356291
11144.4   0.0404247
11152.3   0.0362358
11160.2   0.0389943
11168.2   0.0375532
11176.1   0.0369673
11184.1   0.0397441
11192   0.0345538
11200   0.0430369
11208   0.0320187
11215.9   0.0476509
11223.9   0.0296481
11231.9   0.0535246
11239.9   0.0277196
11247.9   0.0596222
11255.9   0.026497
11263.9   0.0630598
11271.9   0.0262662
11279.9   0.0602532
11287.9   0.0274229
11296   0.051368
11304   0.0306234
11312   0.0409249
11320.1   0.0369505
11328.1   0.0326609
11336.2   0.0474836
11344.3   0.0276343
11352.3   0.0594099
11360.4   0.0257847
11368.5   0.0600957
11376.6   0.0273325
11384.7   0.04654
11392.8   0.0336034
11400.9   0.0335552
11409   0.0468556
11417.1   0.0268321
11425.2   0.0608858
11433.3   0.0257609
11441.5   0.052451
11449.6   0.0308422
11457.8   0.0351578
11465.9   0.0452451
11474.1   0.0265319
11482.2   0.0608888
11490.4   0.0260523
11498.6   0.0466107
11506.7   0.0346832
11514.9   0.0299843
11523.1   0.055124
11531.3   0.025178
11539.5   0.0538328
11547.7   0.0308311
11555.9   0.0324746
11564.2   0.0511667
11572.4   0.0251047
11580.6   0.0549784
11588.9   0.0305276
11597.1   0.0318558
11605.3   0.0529302
11613.6   0.024971
11621.9   0.0505977
11630.1   0.033573
11638.4   0.0285438
11646.7   0.0587061
11655   0.0257935
11663.3   0.040325
11671.5   0.042722
11679.8   0.0252638
11688.2   0.0559422
11696.5   0.0309007
11704.8   0.0293839
11713.1   0.0581734
11721.4   0.025951
11729.8   0.0373074
11738.1   0.0477056
11746.5   0.0247129
11754.8   0.0472027
11763.2   0.0381877
11771.6   0.0254303
11779.9   0.0552514
11788.3   0.0324786
11796.7   0.027084
11805.1   0.0588428
11813.5   0.0294231
11821.9   0.0288771
11830.3   0.0591429
11838.7   0.0279392
11847.1   0.0301442
11855.6   0.0585996
11864   0.0274313
11872.4   0.030448
11880.9   0.0585782
11889.3   0.0276888
11897.8   0.0296809
11906.2   0.0590312
11914.7   0.0288326
11923.2   0.0280919
11931.7   0.0584917
11940.2   0.0313479
11948.7   0.0262276
11957.2   0.054486
11965.7   0.0361904
11974.2   0.0248185
11982.7   0.0460839
11991.2   0.0446465
11999.7   0.0247316
12008.3   0.0361775
12016.8   0.0556355
12025.4   0.0272157
12033.9   0.0285248
12042.5   0.0575991
12051   0.0346438
12059.6   0.0248017
12068.2   0.0433853
12076.8   0.0498785
12085.4   0.0259248
12094   0.0299257
12102.6   0.0582767
12111.2   0.0349424
12119.8   0.0246813
12128.4   0.0399136
12137   0.0549926
12145.7   0.0281569
12154.3   0.026598
12163   0.0502455
12171.6   0.045936
12180.3   0.0257171
12188.9   0.0293903
12197.6   0.056152
12206.3   0.0405934
12215   0.0250382
12223.6   0.0312648
12232.3   0.0579097
12241   0.0391907
12249.7   0.0250151
12258.5   0.0311508
12267.2   0.0572616
12275.9   0.0413428
12284.6   0.025503
12293.4   0.0291326
12302.1   0.0531716
12310.9   0.0476175
12319.6   0.0272786
12328.4   0.0264273
12337.2   0.0440648
12345.9   0.0571294
12354.7   0.0324073
12363.5   0.0249425
12372.3   0.0332702
12381.1   0.057669
12389.9   0.0449274
12398.7   0.0272446
12407.5   0.0262454
12416.4   0.0407316
12425.2   0.0601132
12434   0.0386481
12442.9   0.0259979
12451.7   0.027519
12460.6   0.0439161
12469.4   0.0599169
12478.3   0.0382768
12487.2   0.0262344
12496.1   0.0271061
12505   0.0411341
12513.9   0.0606821
12522.8   0.0436115
12531.7   0.0282264
12540.6   0.0257079
12549.5   0.0339009
12558.4   0.0546295
12567.4   0.0558836
12576.3   0.0352403
12585.2   0.026236
12594.2   0.0271512
12603.2   0.0382467
12612.1   0.0584508
12621.1   0.0538674
12630.1   0.0347932
12639.1   0.0265168
12648   0.0268796
12657   0.0357661
12666   0.0543801
12675.1   0.0598812
12684.1   0.0416684
12693.1   0.0294459
12702.1   0.0259668
12711.2   0.0291665
12720.2   0.0403361
12729.2   0.0581199
12738.3   0.0592802
12747.4   0.0422005
12756.4   0.0305516
12765.5   0.026389
12774.6   0.0277647
12783.7   0.035028
12792.8   0.0494521
12801.9   0.0627934
12811   0.0559073
12820.1   0.0404706
12829.2   0.0307634
12838.3   0.0268856
12847.5   0.0273402
12856.6   0.0320522
12865.7   0.0420393
12874.9   0.0563451
12884   0.0641327
12893.2   0.0556113
12902.4   0.0422268
12911.6   0.0330169
12920.7   0.02834
12929.9   0.0270386
12939.1   0.0285756
12948.3   0.0331267
12957.5   0.0412688
12966.8   0.052722
12976   0.0631564
12985.2   0.0644415
12994.4   0.0559143
13003.7   0.0451716
13012.9   0.0368659
13022.2   0.0315763
13031.5   0.0287045
13040.7   0.0276984
13050   0.0282639
13059.3   0.0303351
13068.6   0.0340071
13077.9   0.0394307
13087.2   0.0465837
13096.5   0.0548305
13105.8   0.0624408
13115.1   0.0668872
13124.5   0.0665439
13133.8   0.0621116
13143.1   0.0557456
13152.5   0.0493147
13161.8   0.0437543
13171.2   0.0393128
13180.6   0.0359208
13189.9   0.0334113
13199.3   0.0316136
13208.7   0.0303823
13218.1   0.0296012
13227.5   0.0291787
13236.9   0.0290421
13246.3   0.0291317
13255.8   0.0293971
13265.2   0.029794
13274.6   0.0302824
13284.1   0.0308253
13293.5   0.0313884
13303   0.0319402
13312.4   0.0324523
13321.9   0.0329
13331.4   0.0332628
13340.9   0.0335253
13350.3   0.0336776
13359.8   0.0337153
13369.3   0.0336403
13378.9   0.0334604
13388.4   0.0331894
13397.9   0.0328462
13407.4   0.0324551
13417   0.0320448
13426.5   0.0316479
13436.1   0.0313009
13445.6   0.031044
13455.2   0.0309215
13464.7   0.0309835
13474.3   0.0312878
13483.9   0.0319034
13493.5   0.0329154
13503.1   0.0344313
13512.7   0.0365887
13522.3   0.0395609
13531.9   0.0435533
13541.6   0.0487703
13551.2   0.0553046
13560.8   0.0628729
13570.5   0.0703716
13580.1   0.0755896
13589.8   0.0760184
13599.4   0.0709344
13609.1   0.0623199
13618.8   0.0530923
13628.5   0.0451818
13638.2   0.0392747
13647.9   0.035392
13657.6   0.0333879
13667.3   0.0332056
13677   0.035005
13686.8   0.0392507
13696.5   0.0467283
13706.2   0.0580991
13716   0.0717547
13725.7   0.0800878
13735.5   0.0747762
13745.3   0.0606917
13755.1   0.0476856
13764.8   0.0392484
13774.6   0.0351336
13784.4   0.0347742
13794.2   0.03836
13804   0.0471031
13813.9   0.0624061
13823.7   0.0795853
13833.5   0.0805899
13843.4   0.0634621
13853.2   0.0472091
13863.1   0.0382974
13872.9   0.0357136
13882.8   0.0389308
13892.7   0.049514
13902.5   0.0693142
13912.4   0.0857171
13922.3   0.0732945
13932.2   0.051886
13942.1   0.0399275
13952.1   0.036892
13962   0.0419004
13971.9   0.0576083
13981.9   0.0824995
13991.8   0.0830663
14001.8   0.0578673
14011.7   0.0419811
14021.7   0.0379796
14031.6   0.0443791
14041.6   0.0647997
14051.6   0.0900054
14061.6   0.0742133
14071.6   0.0489252
14081.6   0.039322
14091.6   0.0426237
14101.7   0.0615452
14111.7   0.0912
14121.7   0.0763001
14131.8   0.0488856
14141.8   0.0400406
14151.9   0.0466375
14162   0.0732111
14172   0.0944921
14182.1   0.0629086
14192.2   0.0432068
14202.3   0.0431185
14212.4   0.0634812
14222.5   0.0970802
14232.6   0.0713463
14242.7   0.0456895
14252.9   0.0435405
14263   0.0644215
14273.2   0.0996861
14283.3   0.0692023
14293.5   0.0450763
14303.6   0.0467528
14313.8   0.0764904
14324   0.0986588
14334.2   0.0580898
14344.4   0.0440056
14354.6   0.0575697
14364.8   0.100416
14375   0.0766027
14385.2   0.0471747
14395.5   0.0503902
14405.7   0.089106
14416   0.0916354
14426.2   0.0515743
14436.5   0.0486521
14446.7   0.0834334
14457   0.0986219
14467.3   0.0539846
14477.6   0.0494218
14487.9   0.0860939
14498.2   0.0978917
14508.5   0.0531878
14518.8   0.0524848
14529.1   0.0975749
14539.5   0.0882121
14549.8   0.0506453
14560.2   0.0604513
14570.5   0.113801
14580.9   0.0712526
14591.3   0.050184
14601.6   0.0802228
14612   0.108812
14622.4   0.0563242
14632.8   0.0583893
14643.2   0.115107
14653.6   0.0755645
14664.1   0.0524118
14674.5   0.0895351
14684.9   0.103275
14695.4   0.0548616
14705.8   0.0708162
14716.3   0.123131
14726.8   0.0621706
14737.2   0.061905
14747.7   0.12515
14758.2   0.071673
14768.7   0.0585186
14779.2   0.119146
14789.7   0.0805111
14800.3   0.0578788
14810.8   0.114912
14821.3   0.0861887
14831.9   0.0585506
14842.4   0.115794
14853   0.0873059
14863.5   0.0600752
14874.1   0.122417
14884.7   0.0837531
14895.3   0.0629392
14905.9   0.133491
14916.5   0.0768439
14927.1   0.0687779
14937.7   0.142014
14948.3   0.06926
14959   0.08097
14969.6   0.133547
14980.2   0.0643497
14990.9   0.105266
15001.6   0.10631
15012.2   0.0658697
15022.9   0.141268
15033.6   0.0801219
15044.3   0.080119
15055   0.143877
15065.7   0.0678592
15076.4   0.11939
15087.1   0.0996333
15097.9   0.0743867
15108.6   0.157537
15119.4   0.0726445
15130.1   0.114183
15140.9   0.108303
15151.6   0.0766175
15162.4   0.1627
15173.2   0.0742599
15184   0.128355
15194.8   0.100944
15205.6   0.086578
15216.4   0.154825
15227.2   0.0751825
15238.1   0.162836
15248.9   0.0852884
15259.8   0.11689
15270.6   0.117382
15281.5   0.0882102
15292.3   0.164485
15303.2   0.0796987
15314.1   0.178146
15325   0.084949
15335.9   0.146015
15346.8   0.102369
15357.7   0.114012
15368.6   0.131612
15379.6   0.0958511
15390.5   0.166715
15401.5   0.0881433
15412.4   0.191733
15423.4   0.0872005
15434.4   0.194738
15445.3   0.0907715
15456.3   0.182175
15467.3   0.0973536
15478.3   0.166294
15489.3   0.105655
15500.3   0.153423
15511.4   0.114387
15522.4   0.145016
15533.4   0.122295
15544.5   0.140804
15555.5   0.128317
15566.6   0.140312
15577.7   0.131731
15588.8   0.143351
15599.9   0.132229
15611   0.150162
15622.1   0.129968
15633.2   0.161425
15644.3   0.125587
15655.4   0.178091
15666.6   0.120179
15677.7   0.200584
15688.8   0.115184
15700   0.226323
15711.2   0.11228
15722.3   0.245295
15733.5   0.113438
15744.7   0.241331
15755.9   0.121352
15767.1   0.210644
15778.3   0.140357
15789.6   0.171194
15800.8   0.177106
15812   0.140892
15823.3   0.233562
15834.5   0.126235
15845.8   0.271767
15857.1   0.129749
15868.4   0.233608
15879.6   0.158463
15890.9   0.171681
15902.2   0.225125
15913.6   0.138869
15924.9   0.29018
15936.2   0.140667
15947.5   0.236169
15958.9   0.186805
15970.2   0.164171
15981.6   0.284495
15993   0.144685
16004.3   0.27627
16015.7   0.183031
16027.1   0.180673
16038.5   0.294227
16049.9   0.153248
16061.3   0.2815
16072.8   0.205334
16084.2   0.178187
16095.6   0.331611
16107.1   0.168083
16118.5   0.246935
16130   0.269046
16141.5   0.170021
16153   0.329932
16164.4   0.215856
16175.9   0.195571
16187.4   0.363757
16199   0.193272
16210.5   0.235004
16222   0.348205
16233.6   0.188736
16245.1   0.276983
16256.7   0.326627
16268.2   0.192891
16279.8   0.31058
16291.4   0.318282
16303   0.200197
16314.6   0.329815
16326.2   0.326591
16337.8   0.208096
16349.4   0.332632
16361   0.3527
16372.7   0.217232
16384.3   0.318734
16396   0.396804
16407.6   0.232059
16419.3   0.292162
16431   0.44675
16442.7   0.262028
16454.4   0.264064
16466.1   0.45778
16477.8   0.323634
16489.5   0.249807
16501.2   0.394284
16513   0.430287
16524.7   0.267492
16536.5   0.311599
16548.2   0.502165
16560   0.346683
16571.8   0.274467
16583.6   0.406031
16595.4   0.498785
16607.2   0.315479
16619   0.306342
16630.8   0.484314
16642.6   0.476716
16654.5   0.316312
16666.3   0.337936
16678.2   0.526691
16690   0.485644
16701.9   0.333392
16713.8   0.354657
16725.7   0.53711
16737.6   0.532169
16749.5   0.366535
16761.4   0.357293
16773.3   0.509348
16785.2   0.604244
16797.2   0.433025
16809.1   0.36435
16821.1   0.448469
16833   0.627095
16845   0.560262
16857   0.413665
16869   0.401716
16881   0.52671
16893   0.671245
16905   0.562172
16917   0.43623
16929.1   0.43344
16941.1   0.552033
16953.2   0.69675
16965.2   0.625175
16977.3   0.490312
16989.4   0.454833
17001.4   0.527249
17013.5   0.675888
17025.6   0.725327
17037.8   0.606188
17049.9   0.508286
17062   0.500212
17074.1   0.580332
17086.3   0.712374
17098.4   0.7622
17110.6   0.671604
17122.8   0.57256
17134.9   0.538717
17147.1   0.576166
17159.3   0.672497
17171.5   0.774041
17183.8   0.787973
17196   0.712158
17208.2   0.631776
17220.4   0.594884
17232.7   0.608922
17245   0.66754
17257.2   0.750126
17269.5   0.813476
17281.8   0.817113
17294.1   0.769154
17306.4   0.710678
17318.7   0.671252
17331   0.660562
17343.3   0.677779
17355.7   0.716823
17368   0.766652
17380.4   0.811765
17392.7   0.837516
17405.1   0.838275
17417.5   0.81984
17429.9   0.793498
17442.3   0.769011
17454.7   0.75186
17467.1   0.743789
17479.5   0.744199
17491.9   0.751254
17504.4   0.762601
17516.8   0.775875
17529.3   0.789085
17541.8   0.800861
17554.2   0.81055
17566.7   0.81811
17579.2   0.823909
17591.7   0.828487
17604.2   0.832369
17616.8   0.835955
17629.3   0.83948
17641.8   0.843033
17654.4   0.846593
17666.9   0.850077
17679.5   0.853383
17692.1   0.856423
17704.7   0.859143
17717.3   0.861532
17729.9   0.86362
17742.5   0.865471
17755.1   0.867166
17767.7   0.868791
17780.4   0.870415
17793   0.872073
17805.7   0.873742
17818.3   0.875317
17831   0.876584
17843.7   0.877196
17856.4   0.876651
17869.1   0.874291
17881.8   0.869319
17894.5   0.860872
17907.2   0.84814
17920   0.830544
17932.7   0.807933
17945.5   0.78075
17958.2   0.75011
17971   0.717726
17983.8   0.68573
17996.6   0.656427
18009.4   0.632089
18022.2   0.614845
18035   0.606678
18047.8   0.609482
18060.7   0.625057
18073.5   0.654791
18086.4   0.698613
18099.3   0.752568
18112.1   0.805149
18125   0.835935
18137.9   0.824411
18150.8   0.767965
18163.7   0.687134
18176.6   0.608812
18189.6   0.550704
18202.5   0.520507
18215.5   0.52161
18228.4   0.557119
18241.4   0.628386
18254.3   0.722038
18267.3   0.786704
18280.3   0.757085
18293.3   0.649704
18306.3   0.541596
18319.4   0.475823
18332.4   0.461118
18345.4   0.500554
18358.5   0.596805
18371.5   0.715165
18384.6   0.733416
18397.7   0.61231
18410.8   0.484998
18423.9   0.422762
18437   0.431909
18450.1   0.517263
18463.2   0.658603
18476.3   0.695349
18489.5   0.551891
18502.6   0.423957
18515.8   0.384846
18529   0.436158
18542.1   0.57944
18555.3   0.672097
18568.5   0.530726
18581.7   0.391772
18595   0.359677
18608.2   0.435758
18621.4   0.603809
18634.7   0.59759
18647.9   0.416314
18661.2   0.336606
18674.5   0.379095
18687.7   0.544946
18701   0.587811
18714.3   0.398369
18727.7   0.316635
18741   0.372021
18754.3   0.554451
18767.6   0.517736
18781   0.3372
18794.4   0.305114
18807.7   0.427443
18821.1   0.567292
18834.5   0.378604
18847.9   0.285208
18861.3   0.356688
18874.7   0.545282
18888.1   0.398701
18901.6   0.275018
18915   0.329531
18928.5   0.524195
18941.9   0.379616
18955.4   0.261758
18968.9   0.334276
18982.4   0.51518
18995.9   0.32598
19009.4   0.251713
19022.9   0.380521
19036.4   0.462144
19050   0.263855
19063.5   0.268348
19077.1   0.467283
19090.7   0.333024
19104.2   0.232761
19117.8   0.357666
19131.4   0.418472
19145   0.234478
19158.7   0.280605
19172.3   0.456702
19185.9   0.251429
19199.6   0.24174
19213.2   0.442174
19226.9   0.268365
19240.6   0.222885
19254.3   0.416764
19267.9   0.274343
19281.7   0.213674
19295.4   0.404134
19309.1   0.264664
19322.8   0.210718
19336.6   0.406567
19350.3   0.241252
19364.1   0.216222
19377.9   0.408947
19391.6   0.212008
19405.4   0.238206
19419.2   0.37512
19433.1   0.188617
19446.9   0.290858
19460.7   0.291704
19474.6   0.184051
19488.4   0.369082
19502.3   0.210873
19516.1   0.217266
19530   0.34661
19543.9   0.173763
19557.8   0.317044
19571.7   0.223026
19585.7   0.196778
19599.6   0.343785
19613.5   0.166976
19627.5   0.315934
19641.4   0.2014
19655.4   0.207023
19669.4   0.293809
19683.4   0.163073
19697.4   0.346619
19711.4   0.164942
19725.4   0.269646
19739.4   0.201868
19753.5   0.195274
19767.5   0.268104
19781.6   0.160135
19795.7   0.325344
19809.7   0.150143
19823.8   0.318322
19837.9   0.155561
19852   0.268563
19866.2   0.171299
19880.3   0.221672
19894.4   0.19329
19908.6   0.189812
19922.8   0.216813
19936.9   0.170132
19951.1   0.236987
19965.3   0.158386
19979.5   0.250424
19993.7   0.151621
20007.9   0.255977
20022.2   0.148176
20036.4   0.25381
20050.7   0.147419
20064.9   0.244152
20079.2   0.149615
20093.5   0.227173
20107.8   0.155943
20122.1   0.204054
20136.4   0.168643
20150.7   0.177958
20165   0.191075
20179.4   0.153426
20193.7   0.226113
20208.1   0.134696
20222.5   0.266531
20236.9   0.124972
20251.2   0.27628
20265.7   0.127641
20280.1   0.227772
20294.5   0.149214
20308.9   0.165695
20323.4   0.200978
20337.8   0.128345
20352.3   0.265054
20366.8   0.119882
20381.3   0.230781
20395.8   0.145062
20410.3   0.150929
20424.8   0.220166
20439.3   0.117101
20453.8   0.251813
20468.4   0.130919
20483   0.156901
20497.5   0.210049
20512.1   0.114195
20526.7   0.238264
20541.3   0.137466
20555.9   0.135992
20570.5   0.239318
20585.2   0.113009
20599.8   0.18273
20614.5   0.180293
20629.1   0.111423
20643.8   0.228321
20658.5   0.142723
20673.2   0.119063
20687.9   0.244987
20702.6   0.125253
20717.3   0.127561
20732.1   0.241807
20746.8   0.11819
20761.6   0.130928
20776.3   0.238005
20791.1   0.117139
20805.9   0.126687
20820.7   0.238228
20835.5   0.122097
20850.3   0.116617
20865.2   0.231298
20880   0.137337
20894.8   0.106037
20909.7   0.198315
20924.6   0.171832
20939.5   0.10226
20954.4   0.147267
20969.3   0.222723
20984.2   0.11565
20999.1   0.109748
21014   0.206595
21029   0.166735
21043.9   0.101001
21058.9   0.130083
21073.9   0.227021
21088.9   0.137083
21103.9   0.0988391
21118.9   0.143395
21133.9   0.224
21149   0.130226
21164   0.0979245
21179   0.138591
21194.1   0.223159
21209.2   0.141221
21224.3   0.0975582
21239.4   0.118654
21254.5   0.204847
21269.6   0.178066
21284.7   0.106927
21299.9   0.0990269
21315   0.147006
21330.2   0.219251
21345.4   0.150498
21360.5   0.100217
21375.7   0.100627
21390.9   0.149134
21406.1   0.217075
21421.4   0.159758
21436.6   0.104974
21451.9   0.0951721
21467.1   0.122131
21482.4   0.189777
21497.7   0.204513
21513   0.136293
21528.3   0.0992244
21543.6   0.095187
21558.9   0.119744
21574.2   0.177232
21589.6   0.213037
21604.9   0.161756
21620.3   0.113265
21635.7   0.09415
21651.1   0.0965729
21666.5   0.119883
21681.9   0.167094
21697.3   0.210841
21712.7   0.190168
21728.2   0.140312
21743.6   0.107698
21759.1   0.0938042
21774.6   0.0935824
21790.1   0.105656
21805.6   0.131536
21821.1   0.170465
21836.6   0.20568
21852.1   0.206133
21867.7   0.174299
21883.2   0.13941
21898.8   0.114673
21914.4   0.100082
21930   0.0931227
21945.6   0.0919461
21961.2   0.0955962
21976.8   0.103724
21992.4   0.11625
22008.1   0.132952
22023.7   0.152923
22039.4   0.174021
22055.1   0.19285
22070.8   0.205826
22086.4   0.210957
22102.2   0.208785
22117.9   0.201633
22133.6   0.192143
22149.4   0.182328
22165.1   0.173377
22180.9   0.165848
22196.7   0.159929
22212.4   0.155624
22228.2   0.152876
22244.1   0.151622
22259.9   0.151828
22275.7   0.153502
22291.6   0.156688
22307.4   0.161459
22323.3   0.167877
22339.2   0.175926
22355   0.185381
22370.9   0.195599
22386.9   0.205251
22402.8   0.212147
22418.7   0.213537
22434.7   0.20721
22450.6   0.193003
22466.6   0.173328
22482.6   0.151956
22498.6   0.132204
22514.6   0.116036
22530.6   0.104234
22546.6   0.096987
22562.6   0.0944382
22578.7   0.0971007
22594.8   0.106216
22610.8   0.124015
22626.9   0.153046
22643   0.190968
22659.1   0.21758
22675.2   0.204174
22691.4   0.163038
22707.5   0.12622
22723.7   0.104373
22739.8   0.096494
22756   0.101868
22772.2   0.123662
22788.4   0.167392
22804.6   0.216687
22820.8   0.205841
22837   0.1501
22853.3   0.111751
22869.5   0.0983717
22885.8   0.10695
22902.1   0.143325
22918.4   0.207451
22934.7   0.21419
22951   0.148123
22967.3   0.107691
22983.6   0.101168
23000   0.127523
23016.4   0.196113
23032.7   0.221302
23049.1   0.146731
23065.5   0.105729
23081.9   0.107525
23098.3   0.156281
23114.8   0.231926
23131.2   0.172921
23147.7   0.112258
23164.1   0.107171
23180.6   0.158176
23197.1   0.236612
23213.6   0.160009
23230.1   0.107848
23246.6   0.119442
23263.2   0.20343
23279.7   0.211427
23296.3   0.122392
23312.8   0.110466
23329.4   0.177104
23346   0.232973
23362.6   0.131436
23379.2   0.110912
23395.9   0.179575
23412.5   0.231134
23429.2   0.12652
23445.8   0.117415
23462.5   0.21203
23479.2   0.1994
23495.9   0.115081
23512.6   0.142122
23529.3   0.254259
23546.1   0.144955
23562.8   0.11777
23579.6   0.217453
23596.3   0.192792
23613.1   0.115822
23629.9   0.176509
23646.7   0.234426
23663.6   0.121961
23680.4   0.157117
23697.2   0.255215
23714.1   0.127943
23731   0.15282
23747.8   0.261269
23764.7   0.12935
23781.6   0.160494
23798.5   0.255189
23815.5   0.126549
23832.4   0.183706
23849.4   0.228041
23866.3   0.124929
23883.3   0.230891
23900.3   0.182022
23917.3   0.134886
23934.3   0.283054
23951.3   0.14243
23968.4   0.176695
23985.4   0.239913
24002.5   0.131393
24019.5   0.272155
24036.6   0.157025
24053.7   0.173206
24070.8   0.248296
24088   0.136392
24105.1   0.293821
24122.2   0.148502
24139.4   0.213711
24156.6   0.202485
24173.8   0.158632
24190.9   0.282753
24208.2   0.142044
24225.4   0.309376
24242.6   0.148994
24259.8   0.263504
24277.1   0.172717
24294.4   0.214131
24311.7   0.208527
24328.9   0.183849
24346.3   0.248886
24363.6   0.168394
24380.9   0.284216
24398.2   0.161816
24415.6   0.308659
24433   0.160204
24450.3   0.322542
24467.7   0.161353
24485.1   0.328481
24502.6   0.16443
24520   0.326937
24537.4   0.169915
24554.9   0.315202
24572.3   0.179763
24589.8   0.290453
24607.3   0.197831
24624.8   0.255121
24642.3   0.230574
24659.9   0.218264
24677.4   0.285913
24695   0.19028
24712.5   0.35663
24730.1   0.178955
24747.7   0.375936
24765.3   0.192567
24782.9   0.299759
24800.5   0.247996
24818.2   0.220569
24835.8   0.358646
24853.5   0.190665
24871.2   0.384888
24888.9   0.220653
24906.6   0.262327
24924.3   0.340769
24942   0.201436
24959.8   0.403081
24977.5   0.237209
24995.3   0.255092
25013.1   0.397258
25030.8   0.210694
25048.6   0.351288
25066.5   0.31597
25084.3   0.2221
25102.1   0.430451
25120   0.272182
25137.9   0.247192
25155.7   0.460475
25173.6   0.258791
25191.5   0.268842
25209.5   0.47145
25227.4   0.262981
25245.3   0.276427
25263.3   0.485024
25281.3   0.282802
25299.2   0.269493
25317.2   0.48639
25335.2   0.328245
25353.3   0.258874
25371.3   0.436795
25389.3   0.419574
25407.4   0.265528
25425.5   0.345894
25443.6   0.526843
25461.7   0.32508
25479.8   0.283702
25497.9   0.456396
25516   0.487092
25534.2   0.304142
25552.3   0.317296
25570.5   0.516449
25588.7   0.47896
25606.9   0.314657
25625.1   0.331394
25643.4   0.519635
25661.6   0.532311
25679.8   0.351154
25698.1   0.32579
25716.4   0.458712
25734.7   0.611755
25753   0.451557
25771.3   0.341237
25789.6   0.371053
25808   0.534405
25826.3   0.631853
25844.7   0.46933
25863.1   0.366441
25881.5   0.381643
25899.9   0.510038
25918.3   0.664786
25936.8   0.590233
25955.2   0.443759
25973.7   0.387896
25992.1   0.422772
26010.6   0.544629
26029.1   0.689484
26047.6   0.673321
26066.2   0.539901
26084.7   0.447671
26103.3   0.425088
26121.8   0.465559
26140.4   0.565042
26159   0.69307
26177.6   0.755053
26196.2   0.696257
26214.9   0.593207
26233.5   0.516327
26252.2   0.480774
26270.9   0.482894
26289.5   0.518289
26308.2   0.582875
26327   0.66754
26345.7   0.751884
26364.4   0.807313
26383.2   0.815827
26401.9   0.784328
26420.7   0.734283
26439.5   0.684054
26458.3   0.642895
26477.1   0.613407
26496   0.595005
26514.8   0.585982
26533.7   0.584411
26552.6   0.588463
26571.4   0.59649
26590.3   0.607048
26609.3   0.618902
26628.2   0.631033
26647.1   0.642646
26666.1   0.653174
26685   0.662276
26704   0.669827
26723   0.675907
26742   0.68079
26761   0.684934
26780.1   0.688979
26799.1   0.69373
26818.2   0.70014
26837.3   0.70928
26856.4   0.722278
26875.5   0.740204
26894.6   0.763871
26913.7   0.793481
26932.9   0.82807
26952   0.864801
26971.2   0.898471
26990.4   0.922017
27009.6   0.928878
27028.8   0.916684
27048   0.889632
27067.2   0.85715
27086.5   0.829954
27105.8   0.816583
27125   0.821685
27144.3   0.844904
27163.6   0.879093
27183   0.909507
27202.3   0.919578
27221.6   0.904268
27241   0.876643
27260.4   0.857427
27279.8   0.860369
27299.2   0.884326
27318.6   0.91071
27338   0.913499
27357.5   0.887429
27376.9   0.85868
27396.4   0.857375
27415.9   0.889749
27435.4   0.92508
27454.9   0.914856
27474.4   0.862854
27494   0.82924
27513.5   0.855165
27533.1   0.920116
27552.7   0.932759
27572.3   0.85823
27591.9   0.799706
27611.5   0.83359
27631.2   0.927253
27650.8   0.922434
27670.5   0.809265
27690.2   0.769699
27709.9   0.863603
27729.6   0.946432
27749.3   0.829295
27769   0.735617
27788.8   0.817008
27808.6   0.943745
27828.3   0.815205
27848.1   0.70541
27867.9   0.812842
27887.8   0.933334
27907.6   0.7495
27927.5   0.686643
27947.3   0.868129
27967.2   0.859044
27987.1   0.660007
28007   0.739573
28026.9   0.91423
28046.9   0.685735
28066.8   0.656398
28086.8   0.89312
28106.7   0.715557
28126.7   0.61211
28146.7   0.855494
28166.8   0.719739
28186.8   0.586456
28206.9   0.840021
28226.9   0.687002
28247   0.573846
28267.1   0.850109
28287.2   0.620164
28307.3   0.587356
28327.4   0.844863
28347.6   0.543458
28367.8   0.657342
28387.9   0.738195
28408.1   0.50436
28428.3   0.7873
28448.6   0.561021
28468.8   0.566501
28489   0.748715
28509.3   0.471938
28529.6   0.760839
28549.9   0.511364
28570.2   0.579204
28590.5   0.642551
28610.8   0.464157
28631.2   0.754902
28651.6   0.432968
28671.9   0.71635
28692.3   0.455225
28712.7   0.599591
28733.2   0.508673
28753.6   0.503928
28774.1   0.571383
28794.5   0.444613
28815   0.622021
28835.5   0.410383
28856   0.649608
28876.5   0.390442
28897.1   0.655927
28917.6   0.3783
28938.2   0.646518
28958.8   0.371482
28979.4   0.622195
29000   0.371134
