2000 
    Freq test
7000   0.0999951
7004.98   0.174024
7009.96   0.125324
7014.95   0.118534
7019.94   0.182917
7024.93   0.0956804
7029.93   0.211486
7034.93   0.100616
7039.93   0.14936
7044.94   0.138402
7049.95   0.102709
7054.97   0.202501
7059.98   0.0921059
7065.01   0.177829
7070.03   0.114319
7075.06   0.113077
7080.09   0.1778
7085.13   0.0898445
7090.17   0.191975
7095.21   0.102991
7100.26   0.120336
7105.31   0.161534
7110.36   0.0888458
7115.42   0.193674
7120.48   0.0985323
7125.55   0.120383
7130.61   0.157329
7135.69   0.0869593
7140.76   0.187911
7145.84   0.0990199
7150.92   0.112576
7156.01   0.164691
7161.1   0.0844791
7166.19   0.172831
7171.29   0.105788
7176.39   0.0996866
7181.5   0.180688
7186.61   0.0839422
7191.72   0.144818
7196.83   0.123612
7201.95   0.0870372
7207.07   0.187291
7212.2   0.0902879
7217.33   0.111276
7222.46   0.158174
7227.6   0.0807691
7232.74   0.154469
7237.89   0.112893
7243.04   0.0866057
7248.19   0.183351
7253.34   0.088396
7258.5   0.105774
7263.67   0.161984
7268.83   0.0793888
7274   0.136576
7279.18   0.12528
7284.35   0.0799677
7289.54   0.167652
7294.72   0.0998525
7299.91   0.0873865
7305.1   0.17845
7310.3   0.0857976
7315.5   0.100109
7320.7   0.165513
7325.91   0.078967
7331.12   0.116294
7336.33   0.144408
7341.55   0.0764202
7346.77   0.133127
7352   0.126117
7357.23   0.0763056
7362.46   0.147469
7367.7   0.113148
7372.94   0.0773556
7378.19   0.157364
7383.43   0.104822
7388.69   0.0786315
7393.94   0.162749
7399.2   0.100056
7404.46   0.0794556
7409.73   0.164651
7415   0.0980995
7420.27   0.0794304
7425.55   0.163934
7430.83   0.0986512
7436.12   0.07847
7441.41   0.160581
7446.7   0.101853
7452   0.076807
7457.3   0.153738
7462.6   0.108287
7467.91   0.0749655
7473.22   0.142495
7478.54   0.11891
7483.86   0.0737213
7489.18   0.127145
7494.51   0.134554
7499.84   0.074103
7505.18   0.109836
7510.51   0.153845
7515.86   0.0775184
7521.2   0.093699
7526.55   0.168286
7531.91   0.0861084
7537.26   0.081354
7542.62   0.162279
7547.99   0.103249
7553.36   0.0744307
7558.73   0.134049
7564.11   0.132365
7569.49   0.0743717
7574.87   0.102728
7580.26   0.16446
7585.65   0.0840186
7591.05   0.0818584
7596.45   0.160362
7601.85   0.109405
7607.26   0.0737923
7612.67   0.119111
7618.08   0.152712
7623.5   0.0797074
7628.93   0.0864394
7634.35   0.165862
7639.78   0.106437
7645.22   0.0743029
7650.65   0.118459
7656.1   0.157598
7661.54   0.082725
7666.99   0.0828559
7672.45   0.157485
7677.9   0.121483
7683.36   0.0753
7688.83   0.101344
7694.3   0.172292
7699.77   0.0975598
7705.25   0.0762749
7710.73   0.125198
7716.21   0.159577
7721.7   0.0857527
7727.19   0.0814014
7732.69   0.147124
7738.19   0.142188
7743.7   0.0807329
7749.2   0.0876592
7754.72   0.161616
7760.23   0.130914
7765.75   0.0791741
7771.27   0.0925499
7776.8   0.168641
7782.33   0.126964
7787.87   0.0793777
7793.41   0.0943905
7798.95   0.170263
7804.5   0.130002
7810.05   0.0808372
7815.61   0.0927341
7821.17   0.166322
7826.73   0.140475
7832.3   0.0841705
7837.87   0.0885246
7843.44   0.154328
7849.02   0.158933
7854.6   0.0913274
7860.19   0.0839244
7865.78   0.133868
7871.38   0.180688
7876.98   0.106214
7882.58   0.0819718
7888.19   0.110526
7893.8   0.185121
7899.41   0.135238
7905.03   0.0867824
7910.65   0.0923493
7916.28   0.154049
7921.91   0.17848
7927.55   0.105521
7933.19   0.0849894
7938.83   0.113368
7944.48   0.188235
7950.13   0.150455
7955.78   0.0941967
7961.44   0.0903368
7967.1   0.136153
7972.77   0.198811
7978.44   0.134151
7984.12   0.0915856
7989.8   0.0966931
7995.48   0.151832
8001.17   0.200847
8006.86   0.130509
8012.55   0.0928457
8018.25   0.100099
8023.96   0.155825
8029.66   0.20646
8035.37   0.138026
8041.09   0.0967904
8046.81   0.0995187
8052.53   0.147234
8058.26   0.213032
8063.99   0.159088
8069.73   0.105737
8075.47   0.0974758
8081.21   0.129156
8086.96   0.202636
8092.71   0.196754
8098.47   0.126891
8104.23   0.0999046
8109.99   0.11061
8115.76   0.16406
8121.54   0.226366
8127.31   0.174241
8133.09   0.117521
8138.88   0.102923
8144.67   0.123336
8150.46   0.185959
8156.26   0.233813
8162.06   0.172227
8167.87   0.120013
8173.68   0.107162
8179.49   0.127257
8185.31   0.187287
8191.13   0.243661
8196.96   0.19251
8202.79   0.133188
8208.62   0.112199
8214.46   0.122303
8220.3   0.167517
8226.15   0.239695
8232   0.236661
8237.86   0.167223
8243.72   0.126217
8249.58   0.118026
8255.45   0.138509
8261.32   0.193861
8267.2   0.260608
8273.08   0.23979
8278.96   0.171932
8284.85   0.133084
8290.74   0.124392
8296.64   0.141901
8302.54   0.190764
8308.45   0.261326
8314.36   0.271957
8320.27   0.208096
8326.19   0.155757
8332.11   0.133707
8338.04   0.136217
8343.97   0.163508
8349.91   0.220411
8355.84   0.286359
8361.79   0.284651
8367.74   0.221517
8373.69   0.169723
8379.64   0.145221
8385.6   0.143158
8391.57   0.162272
8397.54   0.206426
8403.51   0.272852
8409.49   0.317653
8415.47   0.287677
8421.46   0.225209
8427.45   0.179546
8433.44   0.157285
8439.44   0.15433
8445.44   0.169348
8451.45   0.204814
8457.46   0.262186
8463.48   0.32392
8469.5   0.34097
8475.52   0.297721
8481.55   0.23976
8487.58   0.197623
8493.62   0.17486
8499.66   0.168368
8505.71   0.176416
8511.76   0.19976
8517.81   0.240491
8523.87   0.297163
8529.93   0.353315
8536   0.374658
8542.07   0.346117
8548.15   0.293959
8554.23   0.246567
8560.31   0.213626
8566.4   0.194866
8572.5   0.188158
8578.59   0.19218
8584.7   0.206833
8590.8   0.232949
8596.91   0.27133
8603.03   0.320343
8609.15   0.371738
8615.27   0.408615
8621.4   0.414513
8627.53   0.389136
8633.67   0.347669
8639.81   0.305575
8645.95   0.270723
8652.1   0.245082
8658.26   0.228098
8664.42   0.218637
8670.58   0.215726
8676.75   0.218742
8682.92   0.227396
8689.1   0.241647
8695.28   0.261567
8701.46   0.287137
8707.65   0.317944
8713.84   0.352794
8720.04   0.389321
8726.25   0.423891
8732.45   0.45212
8738.66   0.470114
8744.88   0.475887
8751.1   0.470024
8757.32   0.455167
8763.55   0.434784
8769.79   0.412064
8776.02   0.389365
8782.27   0.368146
8788.51   0.349153
8794.77   0.332653
8801.02   0.318624
8807.28   0.306899
8813.55   0.297241
8819.81   0.289397
8826.09   0.283118
8832.37   0.278175
8838.65   0.274359
8844.94   0.271487
8851.23   0.269394
8857.52   0.26794
8863.82   0.266999
8870.13   0.266468
8876.44   0.266256
8882.75   0.266293
8889.07   0.26652
8895.39   0.266897
8901.72   0.2674
8908.05   0.268017
8914.39   0.268756
8920.73   0.269639
8927.07   0.270705
8933.42   0.272009
8939.78   0.273624
8946.14   0.275641
8952.5   0.278171
8958.87   0.281344
8965.24   0.285313
8971.62   0.290253
8978   0.296369
8984.39   0.303889
8990.78   0.313071
8997.17   0.324198
9003.57   0.337563
9009.98   0.353449
9016.38   0.37208
9022.8   0.393528
9029.21   0.417575
9035.64   0.443493
9042.06   0.469776
9048.5   0.493911
9054.93   0.512392
9061.37   0.52128
9067.82   0.517412
9074.27   0.499829
9080.72   0.47049
9087.18   0.43363
9093.65   0.394177
9100.11   0.356308
9106.59   0.322795
9113.07   0.295091
9119.55   0.273751
9126.03   0.258885
9132.53   0.250513
9139.02   0.2488
9145.52   0.254231
9152.03   0.267705
9158.54   0.290526
9165.05   0.324051
9171.57   0.368443
9178.09   0.419667
9184.62   0.465159
9191.16   0.484439
9197.69   0.463758
9204.24   0.411906
9210.78   0.351305
9217.33   0.298736
9223.89   0.260401
9230.45   0.236667
9237.02   0.226499
9243.59   0.229556
9250.16   0.246971
9256.74   0.281281
9263.33   0.33431
9269.92   0.399083
9276.51   0.446019
9283.11   0.43549
9289.71   0.372923
9296.32   0.301924
9302.93   0.248964
9309.55   0.218221
9316.17   0.207388
9322.8   0.215494
9329.43   0.244856
9336.06   0.29945
9342.71   0.372804
9349.35   0.420051
9356   0.386711
9362.66   0.307084
9369.31   0.240887
9375.98   0.203611
9382.65   0.192107
9389.32   0.204661
9396   0.245098
9402.68   0.316646
9409.37   0.387659
9416.07   0.374727
9422.76   0.291476
9429.47   0.221444
9436.17   0.186213
9442.88   0.180992
9449.6   0.205209
9456.32   0.265377
9463.05   0.3495
9469.78   0.366126
9476.52   0.284351
9483.26   0.209053
9490   0.173831
9496.75   0.172775
9503.51   0.20655
9510.27   0.282238
9517.03   0.355212
9523.8   0.309498
9530.58   0.21932
9537.35   0.170414
9544.14   0.161871
9550.93   0.191305
9557.72   0.26716
9564.52   0.341109
9571.32   0.284255
9578.13   0.196352
9584.94   0.156925
9591.76   0.159913
9598.58   0.207785
9605.41   0.300239
9612.24   0.312424
9619.08   0.216157
9625.92   0.15785
9632.77   0.149078
9639.62   0.186695
9646.48   0.277415
9653.34   0.306908
9660.21   0.210147
9667.08   0.151069
9673.95   0.14514
9680.83   0.190396
9687.72   0.286836
9694.61   0.277316
9701.51   0.179521
9708.41   0.138966
9715.31   0.151695
9722.22   0.22508
9729.14   0.29944
9736.06   0.212472
9742.99   0.143946
9749.92   0.137279
9756.85   0.189992
9763.79   0.287113
9770.74   0.230558
9777.69   0.147237
9784.64   0.131702
9791.6   0.177699
9798.57   0.277946
9805.54   0.226916
9812.51   0.142749
9819.49   0.129819
9826.47   0.183112
9833.46   0.279366
9840.46   0.20245
9847.46   0.131979
9854.46   0.133714
9861.47   0.209685
9868.49   0.269108
9875.51   0.164494
9882.53   0.122972
9889.56   0.153157
9896.59   0.257074
9903.63   0.214495
9910.68   0.130989
9917.73   0.128709
9924.78   0.207968
9931.84   0.254333
9938.91   0.147746
9945.98   0.120273
9953.05   0.173455
9960.13   0.265769
9967.21   0.164908
9974.3   0.118369
9981.4   0.155754
9988.5   0.261545
9995.6   0.175349
10002.7   0.118011
10009.8   0.149321
10016.9   0.257931
10024.1   0.175251
10031.2   0.117036
10038.3   0.151724
10045.5   0.259168
10052.6   0.164448
10059.8   0.115828
10066.9   0.164299
10074.1   0.257273
10081.3   0.14629
10088.4   0.117268
10095.6   0.191736
10102.8   0.234626
10110   0.127442
10117.2   0.127119
10124.4   0.235099
10131.6   0.187212
10138.8   0.115851
10146   0.156188
10153.2   0.255997
10160.4   0.140621
10167.6   0.120171
10174.9   0.218274
10182.1   0.19898
10189.4   0.11668
10196.6   0.156295
10203.9   0.25466
10211.1   0.135289
10218.4   0.12542
10225.6   0.240519
10232.9   0.172884
10240.2   0.116158
10247.5   0.192166
10254.8   0.220258
10262.1   0.11957
10269.4   0.156184
10276.7   0.254733
10284   0.130946
10291.3   0.136155
10298.6   0.261179
10305.9   0.146773
10313.3   0.126338
10320.6   0.249608
10327.9   0.163403
10335.3   0.122295
10342.6   0.23572
10350   0.177291
10357.4   0.121309
10364.7   0.227264
10372.1   0.185821
10379.5   0.121851
10386.9   0.226479
10394.3   0.187661
10401.6   0.123334
10409   0.233819
10416.4   0.182621
10423.9   0.126081
10431.3   0.248873
10438.7   0.171688
10446.1   0.131409
10453.5   0.268375
10461   0.157292
10468.4   0.141885
10475.9   0.281427
10483.3   0.143091
10490.8   0.161921
10498.2   0.26982
10505.7   0.133193
10513.2   0.198193
10520.7   0.229042
10528.1   0.131906
10535.6   0.253829
10543.1   0.181271
10550.6   0.145267
10558.1   0.295778
10565.6   0.14823
10573.2   0.184642
10580.7   0.257966
10588.2   0.137805
10595.7   0.261441
10603.3   0.186452
10610.8   0.156977
10618.4   0.305585
10625.9   0.147539
10633.5   0.225361
10641   0.225329
10648.6   0.151395
10656.2   0.317124
10663.8   0.159376
10671.3   0.215603
10678.9   0.246578
10686.5   0.155038
10694.1   0.326587
10701.7   0.164763
10709.3   0.229753
10717   0.243182
10724.6   0.165444
10732.2   0.339322
10739.9   0.163684
10747.5   0.272494
10755.1   0.217496
10762.8   0.19061
10770.4   0.32169
10778.1   0.166085
10785.8   0.342978
10793.4   0.186298
10801.1   0.253852
10808.8   0.253105
10816.5   0.193589
10824.2   0.349059
10831.9   0.17678
10839.6   0.366093
10847.3   0.193323
10855   0.291565
10862.7   0.243066
10870.5   0.227566
10878.2   0.323376
10885.9   0.19728
10893.7   0.393914
10901.4   0.1929
10909.2   0.391123
10916.9   0.209112
10924.7   0.334136
10932.5   0.244613
10940.2   0.278453
10948   0.298097
10955.8   0.242263
10963.6   0.361997
10971.4   0.223584
10979.2   0.418314
10987   0.217729
10994.8   0.44758
11002.7   0.221152
11010.5   0.446122
11018.3   0.231375
11026.2   0.426178
11034   0.246431
11041.8   0.40158
11049.7   0.264491
11057.6   0.380192
11065.4   0.283714
11073.3   0.364812
11081.2   0.302307
11089.1   0.355795
11096.9   0.318672
11104.8   0.352732
11112.7   0.331549
11120.6   0.355205
11128.5   0.340098
11136.5   0.363085
11144.4   0.343928
11152.3   0.376638
11160.2   0.343116
11168.2   0.396517
11176.1   0.338247
11184.1   0.423617
11192   0.330445
11200   0.458599
11208   0.321358
11215.9   0.500695
11223.9   0.313077
11231.9   0.545321
11239.9   0.308059
11247.9   0.581085
11255.9   0.30915
11263.9   0.590639
11271.9   0.319847
11279.9   0.56195
11287.9   0.344807
11296   0.502519
11304   0.390306
11312   0.43513
11320.1   0.462629
11328.1   0.380115
11336.2   0.55721
11344.3   0.34796
11352.3   0.631026
11360.4   0.343947
11368.5   0.612425
11376.6   0.374938
11384.7   0.512978
11392.8   0.452451
11400.9   0.416066
11409   0.575829
11417.1   0.364396
11425.2   0.659694
11433.3   0.366593
11441.5   0.582527
11449.6   0.433457
11457.8   0.447798
11465.9   0.572964
11474.1   0.373774
11482.2   0.670767
11490.4   0.379539
11498.6   0.554159
11506.7   0.478716
11514.9   0.411934
11523.1   0.646381
11531.3   0.368614
11539.5   0.618523
11547.7   0.436582
11555.9   0.43948
11564.2   0.616752
11572.4   0.366532
11580.6   0.630431
11588.9   0.428664
11597.1   0.433782
11605.3   0.622748
11613.6   0.361796
11621.9   0.596157
11630.1   0.45196
11638.4   0.396523
11646.7   0.65332
11655   0.364403
11663.3   0.506937
11671.5   0.52392
11679.8   0.353686
11688.2   0.625056
11696.5   0.407002
11704.8   0.393398
11713.1   0.629396
11721.4   0.349358
11729.8   0.46527
11738.1   0.539954
11746.5   0.330396
11754.8   0.542008
11763.2   0.450706
11771.6   0.332406
11779.9   0.5912
11788.3   0.390069
11796.7   0.343412
11805.1   0.602018
11813.5   0.352773
11821.9   0.35438
11830.3   0.589487
11838.7   0.330229
11847.1   0.35875
11855.6   0.572328
11864   0.316865
11872.4   0.35293
11880.9   0.560165
11889.3   0.310382
11897.8   0.336522
11906.2   0.552968
11914.7   0.311394
11923.2   0.312174
11931.7   0.541362
11940.2   0.32332
11948.7   0.285151
11957.2   0.507864
11965.7   0.352402
11974.2   0.262401
11982.7   0.440576
11991.2   0.405485
11999.7   0.25173
12008.3   0.354241
12016.8   0.473037
12025.4   0.262797
12033.9   0.280117
12042.5   0.485762
12051   0.310718
12059.6   0.237947
12068.2   0.386238
12076.8   0.407981
12085.4   0.23674
12094   0.274012
12102.6   0.462809
12111.2   0.294204
12119.8   0.221358
12128.4   0.33968
12137   0.419378
12145.7   0.237571
12154.3   0.230278
12163   0.39532
12171.6   0.349051
12180.3   0.213141
12188.9   0.244145
12197.6   0.415933
12206.3   0.305051
12215   0.201872
12223.6   0.249759
12232.3   0.412452
12241   0.287398
12249.7   0.195317
12258.5   0.240929
12267.2   0.398133
12275.9   0.29241
12284.6   0.192238
12293.4   0.219455
12302.1   0.366689
12310.9   0.321521
12319.6   0.197555
12328.4   0.194112
12337.2   0.306007
12345.9   0.368052
12354.7   0.223316
12363.5   0.177748
12372.3   0.232443
12381.1   0.368477
12389.9   0.289827
12398.7   0.186186
12407.5   0.181332
12416.4   0.269742
12425.2   0.367734
12434   0.247496
12442.9   0.173768
12451.7   0.184147
12460.6   0.279855
12469.4   0.357278
12478.3   0.239552
12487.2   0.170663
12496.1   0.176628
12505   0.257443
12513.9   0.35453
12522.8   0.263111
12531.7   0.178016
12540.6   0.163801
12549.5   0.211289
12558.4   0.319793
12567.4   0.321112
12576.3   0.213164
12585.2   0.162965
12594.2   0.16842
12603.2   0.229936
12612.1   0.330939
12621.1   0.305505
12630.1   0.207035
12639.1   0.161446
12648   0.163481
12657   0.212089
12666   0.305996
12675.1   0.330281
12684.1   0.240153
12693.1   0.1752
12702.1   0.155826
12711.2   0.173259
12720.2   0.232108
12729.2   0.318802
12738.3   0.323818
12747.4   0.240656
12756.4   0.179478
12765.5   0.156503
12774.6   0.16369
12783.7   0.202057
12792.8   0.274331
12801.9   0.337358
12811   0.306603
12820.1   0.231144
12829.2   0.180056
12838.3   0.15866
12847.5   0.160714
12856.6   0.185524
12865.7   0.236524
12874.9   0.305937
12884   0.343651
12893.2   0.306568
12902.4   0.241649
12911.6   0.193544
12920.7   0.16793
12929.9   0.160394
12939.1   0.168346
12948.3   0.192265
12957.5   0.233986
12966.8   0.290488
12976   0.341081
12985.2   0.350671
12994.4   0.313967
13003.7   0.262259
13012.9   0.219258
13022.2   0.190524
13031.5   0.174415
13040.7   0.168548
13050   0.171456
13059.3   0.182676
13068.6   0.202443
13077.9   0.231104
13087.2   0.268006
13096.5   0.309655
13105.8   0.348119
13115.1   0.372574
13124.5   0.375674
13133.8   0.359057
13143.1   0.331083
13152.5   0.300365
13161.8   0.272212
13171.2   0.248774
13180.6   0.230368
13189.9   0.216531
13199.3   0.206577
13208.7   0.199838
13218.1   0.195733
13227.5   0.193778
13236.9   0.193574
13246.3   0.194784
13255.8   0.197118
13265.2   0.200316
13274.6   0.204144
13284.1   0.208384
13293.5   0.212834
13303   0.217309
13312.4   0.221643
13321.9   0.225689
13331.4   0.229327
13340.9   0.232461
13350.3   0.23503
13359.8   0.237001
13369.3   0.238379
13378.9   0.239202
13388.4   0.239545
13397.9   0.239518
13407.4   0.239265
13417   0.238966
13426.5   0.238834
13436.1   0.239115
13445.6   0.240093
13455.2   0.242092
13464.7   0.245487
13474.3   0.250715
13483.9   0.258297
13493.5   0.268858
13503.1   0.28315
13512.7   0.302058
13522.3   0.326567
13531.9   0.357599
13541.6   0.395604
13551.2   0.439692
13560.8   0.486206
13570.5   0.527348
13580.1   0.551891
13589.8   0.550304
13599.4   0.52184
13609.1   0.475839
13618.8   0.425278
13628.5   0.380091
13638.2   0.345407
13647.9   0.323098
13657.6   0.313807
13667.3   0.31836
13677   0.338565
13686.8   0.377421
13696.5   0.437922
13706.2   0.517831
13716   0.597762
13725.7   0.635703
13735.5   0.602877
13745.3   0.524621
13755.1   0.446305
13764.8   0.391634
13774.6   0.365802
13784.4   0.369336
13794.2   0.404922
13804   0.47757
13813.9   0.583323
13823.7   0.677439
13833.5   0.677773
13843.4   0.584648
13853.2   0.482666
13863.1   0.419566
13872.9   0.402811
13882.8   0.433816
13892.7   0.51826
13902.5   0.646172
13912.4   0.731876
13922.3   0.672047
13932.2   0.544106
13942.1   0.455549
13952.1   0.430618
13962   0.471299
13971.9   0.58274
13981.9   0.724939
13991.8   0.739803
14001.8   0.604322
14011.7   0.486166
14021.7   0.447287
14031.6   0.491682
14041.6   0.622816
14051.6   0.763393
14061.6   0.709726
14071.6   0.549187
14081.6   0.461447
14091.6   0.473691
14101.7   0.590478
14111.7   0.75555
14121.7   0.721527
14131.8   0.546312
14141.8   0.456869
14151.9   0.485229
14162   0.633948
14172   0.773153
14182.1   0.640481
14192.2   0.480266
14202.3   0.449955
14212.4   0.557109
14222.5   0.744648
14232.6   0.676267
14242.7   0.486637
14252.9   0.434313
14263   0.535071
14273.2   0.731968
14283.3   0.644986
14293.5   0.455794
14303.6   0.425686
14313.8   0.564863
14324   0.731345
14334.2   0.547543
14344.4   0.407428
14354.6   0.448705
14364.8   0.656978
14375   0.636179
14385.2   0.424318
14395.5   0.395298
14405.7   0.56237
14416   0.670239
14426.2   0.440284
14436.5   0.369339
14446.7   0.50679
14457   0.662619
14467.3   0.434085
14477.6   0.352333
14487.9   0.490123
14498.2   0.636078
14508.5   0.400933
14518.8   0.341501
14529.1   0.511504
14539.5   0.579729
14549.8   0.351906
14560.2   0.34763
14570.5   0.567605
14580.9   0.473601
14591.3   0.310653
14601.6   0.395758
14612   0.587094
14622.4   0.353939
14632.8   0.307564
14643.2   0.511695
14653.6   0.448899
14664.1   0.286037
14674.5   0.387979
14684.9   0.533537
14695.4   0.300525
14705.8   0.313095
14716.3   0.538303
14726.8   0.332943
14737.2   0.275934
14747.7   0.487165
14758.2   0.36773
14768.7   0.258179
14779.2   0.434439
14789.7   0.391784
14800.3   0.248739
14810.8   0.400378
14821.3   0.398404
14831.9   0.241794
14842.4   0.386748
14853   0.38648
14863.5   0.235431
14874.1   0.392574
14884.7   0.357137
14895.3   0.231115
14905.9   0.416609
14916.5   0.314321
14927.1   0.233475
14937.7   0.448817
14948.3   0.267482
14959   0.250835
14969.6   0.451263
14980.2   0.229478
14990.9   0.296873
15001.6   0.381628
15012.2   0.212011
15022.9   0.382407
15033.6   0.281386
15044.3   0.228126
15055   0.434799
15065.7   0.216888
15076.4   0.302786
15087.1   0.329324
15097.9   0.207845
15108.6   0.420068
15119.4   0.222925
15130.1   0.276493
15140.9   0.336456
15151.6   0.202809
15162.4   0.414905
15173.2   0.213377
15184   0.292205
15194.8   0.298804
15205.6   0.210047
15216.4   0.408272
15227.2   0.196604
15238.1   0.35753
15248.9   0.234898
15259.8   0.253509
15270.6   0.32268
15281.5   0.20253
15292.3   0.404868
15303.2   0.193496
15314.1   0.375853
15325   0.215032
15335.9   0.292601
15346.8   0.264195
15357.7   0.233245
15368.6   0.333238
15379.6   0.203304
15390.5   0.393149
15401.5   0.1932
15412.4   0.408072
15423.4   0.196103
15434.4   0.380444
15445.3   0.207829
15456.3   0.339572
15467.3   0.225204
15478.3   0.304238
15489.3   0.245174
15500.3   0.279111
15511.4   0.264672
15522.4   0.263259
15533.4   0.280975
15544.5   0.2548
15555.5   0.292097
15566.6   0.252336
15577.7   0.296906
15588.8   0.25526
15599.9   0.295024
15611   0.263812
15622.1   0.286781
15633.2   0.279103
15644.3   0.27334
15655.4   0.30306
15666.6   0.256826
15677.7   0.337899
15688.8   0.240195
15700   0.383786
15711.2   0.226846
15722.3   0.432133
15733.5   0.220396
15744.7   0.457003
15755.9   0.225064
15767.1   0.429569
15778.3   0.246986
15789.6   0.36105
15800.8   0.296011
15812   0.292991
15823.3   0.381936
15834.5   0.25072
15845.8   0.475825
15857.1   0.241515
15868.4   0.465528
15879.6   0.273435
15890.9   0.358213
15902.2   0.365644
15913.6   0.278195
15924.9   0.498476
15936.2   0.26021
15947.5   0.476173
15958.9   0.314434
15970.2   0.339198
15981.6   0.463363
15993   0.277415
16004.3   0.534239
16015.7   0.314636
16027.1   0.376238
16038.5   0.47728
16049.9   0.294966
16061.3   0.552224
16072.8   0.348578
16084.2   0.370088
16095.6   0.552201
16107.1   0.313705
16118.5   0.512511
16130   0.43884
16141.5   0.342182
16153   0.620492
16164.4   0.373612
16175.9   0.411897
16187.4   0.614491
16199   0.355773
16210.5   0.500864
16222   0.563829
16233.6   0.364152
16245.1   0.582019
16256.7   0.5279
16268.2   0.383872
16279.8   0.638918
16291.4   0.517157
16303   0.404811
16314.6   0.671649
16326.2   0.529246
16337.8   0.421308
16349.4   0.683706
16361   0.563494
16372.7   0.43299
16384.3   0.672222
16396   0.622569
16407.6   0.445384
16419.3   0.632629
16431   0.705672
16442.7   0.4703
16454.4   0.572406
16466.1   0.784459
16477.8   0.526723
16489.5   0.516037
16501.2   0.781609
16513   0.638382
16524.7   0.494479
16536.5   0.668343
16548.2   0.788882
16560   0.541125
16571.8   0.549448
16583.6   0.801544
16595.4   0.692276
16607.2   0.519191
16619   0.627788
16630.8   0.840914
16642.6   0.630839
16654.5   0.524942
16666.3   0.681443
16678.2   0.837384
16690   0.609666
16701.9   0.528601
16713.8   0.688791
16725.7   0.838829
16737.6   0.619476
16749.5   0.521361
16761.4   0.646847
16773.3   0.840171
16785.2   0.667386
16797.2   0.516662
16809.1   0.569039
16821.1   0.781451
16833   0.763162
16845   0.551167
16857   0.499033
16869   0.625411
16881   0.810118
16893   0.678729
16905   0.503238
16917   0.48493
16929.1   0.620322
16941.1   0.788466
16953.2   0.662828
16965.2   0.489087
16977.3   0.450197
16989.4   0.542949
17001.4   0.72384
17013.5   0.714834
17025.6   0.527258
17037.8   0.42594
17049.9   0.436508
17062   0.553194
17074.1   0.709994
17086.3   0.66437
17098.4   0.493798
17110.6   0.398534
17122.8   0.392475
17134.9   0.469047
17147.1   0.613008
17159.3   0.681114
17171.5   0.560569
17183.8   0.424673
17196   0.359141
17208.2   0.357699
17220.4   0.415602
17232.7   0.529072
17245   0.631591
17257.2   0.596406
17269.5   0.471273
17281.8   0.372718
17294.1   0.324577
17306.4   0.318609
17318.7   0.350398
17331   0.420334
17343.3   0.516799
17355.7   0.584725
17368   0.558445
17380.4   0.466871
17392.7   0.378962
17405.1   0.320351
17417.5   0.289635
17429.9   0.281335
17442.3   0.292219
17454.7   0.321396
17467.1   0.368428
17479.5   0.429336
17491.9   0.49067
17504.4   0.528662
17516.8   0.524731
17529.3   0.483996
17541.8   0.427841
17554.2   0.37402
17566.7   0.33014
17579.2   0.297273
17591.7   0.274016
17604.2   0.258503
17616.8   0.249085
17629.3   0.244453
17641.8   0.243593
17654.4   0.245698
17666.9   0.250091
17679.5   0.256175
17692.1   0.263392
17704.7   0.271213
17717.3   0.279137
17729.9   0.286697
17742.5   0.293475
17755.1   0.299117
17767.7   0.30334
17780.4   0.305937
17793   0.306778
17805.7   0.305805
17818.3   0.303031
17831   0.298542
17843.7   0.292492
17856.4   0.28511
17869.1   0.276695
17881.8   0.267614
17894.5   0.258285
17907.2   0.249168
17920   0.240746
17932.7   0.233518
17945.5   0.227996
17958.2   0.224728
17971   0.224323
17983.8   0.227512
17996.6   0.235219
18009.4   0.248647
18022.2   0.269325
18035   0.298981
18047.8   0.338831
18060.7   0.387474
18073.5   0.436716
18086.4   0.468445
18099.3   0.463147
18112.1   0.420214
18125   0.360506
18137.9   0.305451
18150.8   0.265087
18163.7   0.241421
18176.6   0.234254
18189.6   0.244487
18202.5   0.27556
18215.5   0.332784
18228.4   0.414513
18241.4   0.485053
18254.3   0.476953
18267.3   0.396551
18280.3   0.31518
18293.3   0.265742
18306.3   0.249899
18319.4   0.267305
18332.4   0.324743
18345.4   0.426672
18358.5   0.516836
18371.5   0.477335
18384.6   0.365908
18397.7   0.290748
18410.8   0.268429
18423.9   0.29769
18437   0.389413
18450.1   0.521736
18463.2   0.526885
18476.3   0.396829
18489.5   0.307671
18502.6   0.291507
18515.8   0.349272
18529   0.4906
18542.1   0.58187
18555.3   0.45477
18568.5   0.337218
18581.7   0.31447
18595   0.388574
18608.2   0.558951
18621.4   0.589274
18634.7   0.421482
18647.9   0.338309
18661.2   0.373198
18674.5   0.536352
18687.7   0.644775
18701   0.471509
18714.3   0.365562
18727.7   0.403384
18741   0.590557
18754.3   0.659977
18767.6   0.461799
18781   0.388739
18794.4   0.48866
18807.7   0.704955
18821.1   0.590544
18834.5   0.427379
18847.9   0.458471
18861.3   0.679404
18874.7   0.683288
18888.1   0.474072
18901.6   0.468812
18915   0.684571
18928.5   0.724788
18941.9   0.502317
18955.4   0.501529
18968.9   0.736816
18982.4   0.718569
18995.9   0.509546
19009.4   0.563202
19022.9   0.815933
19036.4   0.659367
19050   0.519795
19063.5   0.68219
19077.1   0.827881
19090.7   0.579426
19104.2   0.583992
19117.8   0.844701
19131.4   0.6932
19145   0.559342
19158.7   0.76592
19172.3   0.802667
19185.9   0.575616
19199.6   0.697191
19213.2   0.865964
19226.9   0.60459
19240.6   0.659054
19254.3   0.887786
19267.9   0.626161
19281.7   0.643491
19295.4   0.891584
19309.1   0.629039
19322.8   0.644192
19336.6   0.88816
19350.3   0.611093
19364.1   0.662979
19377.9   0.867
19391.6   0.57989
19405.4   0.709601
19419.2   0.801825
19433.1   0.553607
19446.9   0.79071
19460.7   0.685448
19474.6   0.560766
19488.4   0.857329
19502.3   0.565658
19516.1   0.639696
19530   0.767286
19543.9   0.509165
19557.8   0.792917
19571.7   0.570294
19585.7   0.572406
19599.6   0.75787
19613.5   0.475998
19627.5   0.768175
19641.4   0.517209
19655.4   0.574402
19669.4   0.661165
19683.4   0.456475
19697.4   0.766119
19711.4   0.436615
19725.4   0.669109
19739.4   0.489412
19753.5   0.518688
19767.5   0.592582
19781.6   0.426367
19795.7   0.688448
19809.7   0.387726
19823.8   0.698407
19837.9   0.383958
19852   0.627043
19866.2   0.401994
19880.3   0.538573
19894.4   0.43186
19908.6   0.467725
19922.8   0.464318
19936.9   0.418614
19951.1   0.491292
19965.3   0.386284
19979.5   0.507517
19993.7   0.365659
20007.9   0.510978
20022.2   0.353474
20036.4   0.501595
20050.7   0.348391
20064.9   0.479755
20079.2   0.350863
20093.5   0.446281
20107.8   0.363086
20122.1   0.403792
20136.4   0.388914
20150.7   0.357791
20165   0.432742
20179.4   0.315793
20193.7   0.493224
20208.1   0.285226
20222.5   0.543907
20236.9   0.272703
20251.2   0.524716
20265.7   0.286251
20280.1   0.426125
20294.5   0.339517
20308.9   0.324396
20323.4   0.444589
20337.8   0.267824
20352.3   0.52569
20366.8   0.265269
20381.3   0.427972
20395.8   0.332242
20410.3   0.298686
20424.8   0.477405
20439.3   0.253488
20453.8   0.472204
20468.4   0.302539
20483   0.308272
20497.5   0.466101
20512.1   0.251181
20526.7   0.448565
20541.3   0.325503
20555.9   0.279211
20570.5   0.507335
20585.2   0.263281
20599.8   0.355128
20614.5   0.428406
20629.1   0.252018
20643.8   0.442029
20658.5   0.354553
20673.2   0.263113
20687.9   0.497203
20702.6   0.317439
20717.3   0.279543
20732.1   0.517846
20746.8   0.305617
20761.6   0.290055
20776.3   0.525435
20791.1   0.311657
20805.9   0.289858
20820.7   0.526051
20835.5   0.336959
20850.3   0.281916
20865.2   0.502024
20880   0.391964
20894.8   0.276792
20909.7   0.435971
20924.6   0.487823
20939.5   0.292471
20954.4   0.353052
20969.3   0.569484
20984.2   0.359825
20999.1   0.302196
21014   0.486368
21029   0.516719
21043.9   0.321039
21058.9   0.351167
21073.9   0.579574
21088.9   0.467824
21103.9   0.324173
21118.9   0.394945
21133.9   0.618961
21149   0.474437
21164   0.341943
21179   0.40801
21194.1   0.631287
21209.2   0.538161
21224.3   0.374816
21239.4   0.394032
21254.5   0.588418
21269.6   0.656517
21284.7   0.455106
21299.9   0.388935
21315   0.485588
21330.2   0.695401
21345.4   0.640183
21360.5   0.462524
21375.7   0.424727
21390.9   0.530344
21406.1   0.729337
21421.4   0.706936
21436.6   0.530633
21451.9   0.460352
21467.1   0.513975
21482.4   0.680382
21497.7   0.807549
21513   0.695834
21528.3   0.552441
21543.6   0.507206
21558.9   0.562365
21574.2   0.706612
21589.6   0.843691
21604.9   0.804338
21620.3   0.666213
21635.7   0.576156
21651.1   0.564024
21666.5   0.625645
21681.9   0.747826
21697.3   0.869086
21712.7   0.88314
21728.2   0.788687
21743.6   0.683243
21759.1   0.621148
21774.6   0.610301
21790.1   0.646951
21805.6   0.724203
21821.1   0.823103
21836.6   0.902267
21852.1   0.916795
21867.7   0.863786
21883.2   0.781591
21898.8   0.706263
21914.4   0.653416
21930   0.625508
21945.6   0.620406
21961.2   0.635102
21976.8   0.666423
21992.4   0.710501
22008.1   0.761987
22023.7   0.813735
22039.4   0.857624
22055.1   0.886639
22070.8   0.897155
22086.4   0.889879
22102.2   0.868832
22117.9   0.839308
22133.6   0.806149
22149.4   0.772923
22165.1   0.741858
22180.9   0.714136
22196.7   0.690253
22212.4   0.670326
22228.2   0.654297
22244.1   0.642069
22259.9   0.633586
22275.7   0.628868
22291.6   0.628022
22307.4   0.63123
22323.3   0.638695
22339.2   0.650542
22355   0.666624
22370.9   0.686207
22386.9   0.707478
22402.8   0.72697
22418.7   0.739216
22434.7   0.737367
22450.6   0.715518
22466.6   0.672195
22482.6   0.612382
22498.6   0.545711
22514.6   0.482145
22530.6   0.428767
22546.6   0.389311
22562.6   0.365426
22578.7   0.358306
22594.8   0.369996
22610.8   0.404093
22626.9   0.464556
22643   0.547863
22659.1   0.622434
22675.2   0.625395
22691.4   0.541488
22707.5   0.435168
22723.7   0.357272
22739.8   0.318471
22756   0.317704
22772.2   0.358533
22788.4   0.448689
22804.6   0.562452
22820.8   0.576408
22837   0.458088
22853.3   0.346722
22869.5   0.295701
22885.8   0.302793
22902.1   0.374444
22918.4   0.508738
22934.7   0.557566
22951   0.423362
22967.3   0.311023
22983.6   0.28045
23000   0.328896
23016.4   0.467281
23032.7   0.548005
23049.1   0.400993
23065.5   0.291042
23081.9   0.282387
23098.3   0.378378
23114.8   0.53933
23131.2   0.447597
23147.7   0.301507
23164.1   0.277716
23180.6   0.378548
23197.1   0.545125
23213.6   0.41147
23230.1   0.283991
23246.6   0.300189
23263.2   0.468068
23279.7   0.509692
23296.3   0.319861
23312.8   0.28339
23329.4   0.418439
23346   0.545161
23362.6   0.341302
23379.2   0.286951
23395.9   0.428263
23412.5   0.545105
23429.2   0.331332
23445.8   0.304758
23462.5   0.499636
23479.2   0.491454
23495.9   0.307317
23512.6   0.365074
23529.3   0.59275
23546.1   0.38263
23562.8   0.318497
23579.6   0.530231
23596.3   0.491109
23613.1   0.321834
23629.9   0.459358
23646.7   0.579902
23663.6   0.344847
23680.4   0.429418
23697.2   0.628431
23714.1   0.368568
23731   0.432521
23747.8   0.651965
23764.7   0.382905
23781.6   0.464502
23798.5   0.654603
23815.5   0.388926
23832.4   0.532915
23849.4   0.618396
23866.3   0.400246
23883.3   0.647205
23900.3   0.541239
23917.3   0.44443
23934.3   0.752898
23951.3   0.46921
23968.4   0.567206
23985.4   0.688407
24002.5   0.463638
24019.5   0.770283
24036.6   0.536567
24053.7   0.592109
24070.8   0.737595
24088   0.510258
24105.1   0.831961
24122.2   0.552481
24139.4   0.709903
24156.6   0.68838
24173.8   0.600898
24190.9   0.841099
24208.2   0.571378
24225.4   0.885416
24242.6   0.604013
24259.8   0.822902
24277.1   0.677278
24294.4   0.744401
24311.7   0.767028
24328.9   0.691496
24346.3   0.847266
24363.6   0.66518
24380.9   0.901432
24398.2   0.656357
24415.6   0.929136
24433   0.656119
24450.3   0.939685
24467.7   0.657879
24485.1   0.942467
24502.6   0.657782
24520   0.94223
24537.4   0.654906
24554.9   0.937786
24572.3   0.651492
24589.8   0.921505
24607.3   0.6532
24624.8   0.881009
24642.3   0.66921
24659.9   0.808052
24677.4   0.711382
24695   0.71242
24712.5   0.787889
24730.1   0.622906
24747.7   0.874696
24765.3   0.571297
24782.9   0.871865
24800.5   0.584515
24818.2   0.723316
24835.8   0.687836
24853.5   0.565667
24871.2   0.833383
24888.9   0.509732
24906.6   0.752384
24924.3   0.594206
24942   0.536457
24959.8   0.786535
24977.5   0.468153
24995.3   0.669395
25013.1   0.603001
25030.8   0.45555
25048.6   0.757207
25066.5   0.475148
25084.3   0.491641
25102.1   0.717983
25120   0.415167
25137.9   0.530993
25155.7   0.643628
25173.6   0.386091
25191.5   0.544104
25209.5   0.598569
25227.4   0.367869
25245.3   0.521156
25263.3   0.593895
25281.3   0.356297
25299.2   0.464813
25317.2   0.622119
25335.2   0.360665
25353.3   0.391151
25371.3   0.633878
25389.3   0.404409
25407.4   0.331757
25425.5   0.532064
25443.6   0.519775
25461.7   0.322435
25479.8   0.375168
25497.9   0.599435
25516   0.413799
25534.2   0.304259
25552.3   0.411612
25570.5   0.588977
25588.7   0.380906
25606.9   0.297574
25625.1   0.400714
25643.4   0.581971
25661.6   0.403609
25679.8   0.294522
25698.1   0.346551
25716.4   0.538713
25734.7   0.49732
25753   0.325583
25771.3   0.295143
25789.6   0.396318
25808   0.568766
25826.3   0.467622
25844.7   0.322366
25863.1   0.29542
25881.5   0.37457
25899.9   0.541373
25918.3   0.542202
25936.8   0.384196
25955.2   0.305318
25973.7   0.313505
25992.1   0.404861
26010.6   0.55544
26029.1   0.575297
26047.6   0.440495
26066.2   0.342521
26084.7   0.313826
26103.3   0.343754
26121.8   0.433063
26140.4   0.56307
26159   0.625909
26177.6   0.549952
26196.2   0.441101
26214.9   0.371492
26233.5   0.345134
26252.2   0.354835
26270.9   0.397837
26289.5   0.473251
26308.2   0.571166
26327   0.658253
26345.7   0.689095
26364.4   0.654423
26383.2   0.588252
26401.9   0.524034
26420.7   0.475604
26439.5   0.444579
26458.3   0.4286
26477.1   0.424814
26496   0.430772
26514.8   0.444459
26533.7   0.464123
26552.6   0.488117
26571.4   0.514828
26590.3   0.542685
26609.3   0.570224
26628.2   0.596174
26647.1   0.619524
26666.1   0.639548
26685   0.655787
26704   0.668006
26723   0.67615
26742   0.680316
26761   0.680749
26780.1   0.67786
26799.1   0.672256
26818.2   0.664761
26837.3   0.656422
26856.4   0.648497
26875.5   0.642424
26894.6   0.639795
26913.7   0.642334
26932.9   0.65189
26952   0.670404
26971.2   0.699767
26990.4   0.741363
27009.6   0.794951
27028.8   0.856444
27048   0.914894
27067.2   0.95171
27086.5   0.948036
27105.8   0.899842
27125   0.824549
27144.3   0.748991
27163.6   0.694481
27183   0.673406
27202.3   0.693171
27221.6   0.757717
27241   0.856345
27260.4   0.934934
27279.8   0.909899
27299.2   0.789175
27318.6   0.670225
27338   0.613666
27357.5   0.636966
27376.9   0.744326
27396.4   0.879675
27415.9   0.861092
27435.4   0.690576
27454.9   0.566991
27474.4   0.556777
27494   0.669411
27513.5   0.836699
27533.1   0.770085
27552.7   0.569566
27572.3   0.491664
27591.9   0.567973
27611.5   0.766557
27631.2   0.73
27650.8   0.511149
27670.5   0.450044
27690.2   0.574958
27709.9   0.761994
27729.6   0.569772
27749.3   0.418032
27769   0.477018
27788.8   0.705417
27808.6   0.576316
27828.3   0.39422
27848.1   0.447628
27867.9   0.684009
27887.8   0.510781
27907.6   0.36444
27927.5   0.481128
27947.3   0.658602
27967.2   0.401367
27987.1   0.366395
28007   0.603674
28026.9   0.488982
28046.9   0.333906
28066.8   0.490561
28086.8   0.561952
28106.7   0.331343
28126.7   0.426214
28146.7   0.588378
28166.8   0.331084
28186.8   0.404905
28206.9   0.580985
28226.9   0.322137
28247   0.419361
28267.1   0.541896
28287.2   0.309038
28307.3   0.477446
28327.4   0.459058
28347.6   0.310624
28367.8   0.573655
28387.9   0.360523
28408.1   0.362618
28428.3   0.564966
28448.6   0.307121
28468.8   0.518057
28489   0.392966
28509.3   0.354522
28529.6   0.569245
28549.9   0.31137
28570.2   0.571197
28590.5   0.355901
28610.8   0.432216
28631.2   0.468741
28651.6   0.350846
28671.9   0.593979
28692.3   0.328727
28712.7   0.630404
28733.2   0.342614
28753.6   0.582938
28774.1   0.377592
28794.5   0.524977
28815   0.421619
28835.5   0.487595
28856   0.463531
28876.5   0.472488
28897.1   0.494777
28917.6   0.4761
28938.2   0.510756
28958.8   0.497025
28979.4   0.510489
29000   0.53729
