2000 
    Freq test
1   0.000204648
1.00515   0.000205622
1.01033   0.000206606
1.01554   0.0002076
1.02077   0.000208604
1.02603   0.000209618
1.03132   0.000210641
1.03664   0.000211675
1.04198   0.000212717
1.04735   0.00021377
1.05274   0.000214832
1.05817   0.000215904
1.06362   0.000216985
1.0691   0.000218075
1.07461   0.000219175
1.08015   0.000220283
1.08572   0.000221401
1.09131   0.000222528
1.09694   0.000223663
1.10259   0.000224808
1.10827   0.00022596
1.11398   0.000227121
1.11972   0.00022829
1.12549   0.000229466
1.13129   0.000230651
1.13712   0.000231842
1.14298   0.000233041
1.14887   0.000234246
1.15479   0.000235458
1.16075   0.000236676
1.16673   0.0002379
1.17274   0.000239129
1.17878   0.000240364
1.18486   0.000241603
1.19096   0.000242846
1.1971   0.000244093
1.20327   0.000245343
1.20947   0.000246596
1.2157   0.000247851
1.22197   0.000249108
1.22827   0.000250366
1.2346   0.000251625
1.24096   0.000252883
1.24735   0.000254141
1.25378   0.000255397
1.26024   0.00025665
1.26674   0.000257901
1.27327   0.000259148
1.27983   0.00026039
1.28642   0.000261626
1.29305   0.000262856
1.29971   0.000264079
1.30641   0.000265294
1.31315   0.000266499
1.31991   0.000267694
1.32671   0.000268878
1.33355   0.00027005
1.34042   0.000271208
1.34733   0.000272351
1.35427   0.000273478
1.36125   0.000274589
1.36827   0.000275681
1.37532   0.000276754
1.38241   0.000277807
1.38953   0.000278837
1.39669   0.000279844
1.40389   0.000280826
1.41112   0.000281783
1.4184   0.000282712
1.42571   0.000283612
1.43305   0.000284482
1.44044   0.00028532
1.44786   0.000286126
1.45532   0.000286897
1.46282   0.000287632
1.47036   0.00028833
1.47794   0.00028899
1.48555   0.000289609
1.49321   0.000290187
1.5009   0.000290722
1.50864   0.000291213
1.51641   0.000291659
1.52423   0.000292058
1.53208   0.000292409
1.53998   0.000292711
1.54791   0.000292962
1.55589   0.000293162
1.56391   0.000293309
1.57197   0.000293402
1.58007   0.000293441
1.58821   0.000293425
1.5964   0.000293352
1.60462   0.000293222
1.61289   0.000293034
1.6212   0.000292788
1.62956   0.000292482
1.63796   0.000292118
1.6464   0.000291693
1.65488   0.000291209
1.66341   0.000290664
1.67198   0.000290059
1.6806   0.000289393
1.68926   0.000288668
1.69796   0.000287882
1.70671   0.000287037
1.71551   0.000286132
1.72435   0.000285168
1.73324   0.000284146
1.74217   0.000283067
1.75115   0.000281931
1.76017   0.000280739
1.76924   0.000279492
1.77836   0.000278191
1.78752   0.000276838
1.79673   0.000275433
1.80599   0.000273978
1.8153   0.000272474
1.82466   0.000270922
1.83406   0.000269325
1.84351   0.000267684
1.85301   0.000266
1.86256   0.000264275
1.87216   0.000262511
1.88181   0.00026071
1.8915   0.000258873
1.90125   0.000257002
1.91105   0.0002551
1.9209   0.000253168
1.9308   0.000251208
1.94075   0.000249221
1.95075   0.000247211
1.9608   0.000245179
1.9709   0.000243127
1.98106   0.000241056
1.99127   0.000238969
2.00153   0.000236868
2.01185   0.000234754
2.02221   0.000232629
2.03264   0.000230496
2.04311   0.000228356
2.05364   0.000226211
2.06422   0.000224062
2.07486   0.000221912
2.08555   0.000219761
2.0963   0.000217612
2.1071   0.000215467
2.11796   0.000213326
2.12888   0.000211191
2.13985   0.000209064
2.15087   0.000206946
2.16196   0.000204838
2.1731   0.000202742
2.1843   0.000200658
2.19555   0.000198589
2.20687   0.000196535
2.21824   0.000194497
2.22967   0.000192476
2.24116   0.000190474
2.25271   0.000188491
2.26432   0.000186528
2.27599   0.000184586
2.28772   0.000182665
2.29951   0.000180767
2.31136   0.000178892
2.32327   0.000177041
2.33524   0.000175214
2.34728   0.000173412
2.35937   0.000171635
2.37153   0.000169885
2.38375   0.000168161
2.39604   0.000166463
2.40838   0.000164793
2.4208   0.000163151
2.43327   0.000161536
2.44581   0.00015995
2.45841   0.000158392
2.47108   0.000156863
2.48382   0.000155362
2.49662   0.000153891
2.50948   0.000152449
2.52242   0.000151037
2.53541   0.000149654
2.54848   0.000148301
2.56161   0.000146977
2.57481   0.000145684
2.58808   0.000144421
2.60142   0.000143187
2.61483   0.000141984
2.6283   0.000140811
2.64185   0.000139668
2.65546   0.000138556
2.66915   0.000137474
2.6829   0.000136422
2.69673   0.000135401
2.71062   0.00013441
2.72459   0.000133449
2.73863   0.000132519
2.75275   0.00013162
2.76693   0.00013075
2.78119   0.000129912
2.79552   0.000129104
2.80993   0.000128327
2.82441   0.000127581
2.83896   0.000126865
2.85359   0.000126181
2.8683   0.000125527
2.88308   0.000124905
2.89794   0.000124313
2.91287   0.000123753
2.92788   0.000123225
2.94297   0.000122728
2.95814   0.000122263
2.97338   0.00012183
2.98871   0.000121429
3.00411   0.000121061
3.01959   0.000120726
3.03515   0.000120423
3.05079   0.000120154
3.06651   0.000119919
3.08231   0.000119717
3.0982   0.00011955
3.11417   0.000119418
3.13021   0.000119321
3.14634   0.00011926
3.16256   0.000119234
3.17886   0.000119246
3.19524   0.000119295
3.2117   0.000119382
3.22826   0.000119508
3.24489   0.000119673
3.26161   0.000119878
3.27842   0.000120124
3.29532   0.000120412
3.3123   0.000120742
3.32937   0.000121116
3.34652   0.000121534
3.36377   0.000121998
3.38111   0.000122509
3.39853   0.000123067
3.41604   0.000123675
3.43365   0.000124332
3.45134   0.000125042
3.46913   0.000125804
3.487   0.000126621
3.50497   0.000127494
3.52304   0.000128425
3.54119   0.000129416
3.55944   0.000130468
3.57778   0.000131582
3.59622   0.000132762
3.61475   0.000134009
3.63338   0.000135326
3.65211   0.000136713
3.67093   0.000138175
3.68984   0.000139712
3.70886   0.000141328
3.72797   0.000143024
3.74718   0.000144804
3.76649   0.00014667
3.7859   0.000148625
3.80541   0.000150671
3.82502   0.000152811
3.84474   0.000155047
3.86455   0.000157383
3.88446   0.000159821
3.90448   0.000162363
3.9246   0.000165012
3.94483   0.000167771
3.96516   0.000170641
3.98559   0.000173624
4.00613   0.000176722
4.02678   0.000179935
4.04753   0.000183266
4.06839   0.000186713
4.08935   0.000190277
4.11042   0.000193956
4.13161   0.000197749
4.1529   0.000201651
4.1743   0.00020566
4.19581   0.00020977
4.21743   0.000213973
4.23917   0.000218263
4.26101   0.000222627
4.28297   0.000227055
4.30504   0.000231532
4.32723   0.000236041
4.34953   0.000240565
4.37194   0.000245082
4.39447   0.000249568
4.41712   0.000253998
4.43988   0.000258343
4.46276   0.000262572
4.48576   0.000266653
4.50888   0.000270552
4.53211   0.000274233
4.55547   0.000277659
4.57894   0.000280794
4.60254   0.000283602
4.62626   0.000286048
4.6501   0.000288099
4.67406   0.000289726
4.69815   0.000290903
4.72236   0.000291608
4.7467   0.000291825
4.77116   0.000291544
4.79575   0.00029076
4.82046   0.000289475
4.8453   0.000287698
4.87027   0.000285445
4.89537   0.000282734
4.9206   0.000279593
4.94595   0.000276051
4.97144   0.000272144
4.99706   0.000267908
5.02281   0.000263384
5.0487   0.000258611
5.07471   0.000253632
5.10087   0.000248485
5.12715   0.000243211
5.15357   0.000237848
5.18013   0.000232431
5.20683   0.000226994
5.23366   0.000221566
5.26063   0.000216175
5.28774   0.000210847
5.31499   0.000205601
5.34238   0.000200458
5.36991   0.000195433
5.39758   0.000190541
5.4254   0.000185791
5.45336   0.000181193
5.48146   0.000176754
5.50971   0.00017248
5.5381   0.000168374
5.56664   0.000164439
5.59533   0.000160677
5.62416   0.000157087
5.65315   0.00015367
5.68228   0.000150424
5.71156   0.000147349
5.74099   0.000144441
5.77058   0.0001417
5.80032   0.000139122
5.83021   0.000136705
5.86025   0.000134446
5.89045   0.000132343
5.92081   0.000130394
5.95132   0.000128596
5.98199   0.000126946
6.01282   0.000125444
6.0438   0.000124087
6.07495   0.000122873
6.10626   0.000121802
6.13772   0.000120873
6.16935   0.000120084
6.20114   0.000119436
6.2331   0.00011893
6.26522   0.000118565
6.29751   0.000118343
6.32996   0.000118266
6.36258   0.000118334
6.39537   0.000118552
6.42833   0.000118921
6.46146   0.000119445
6.49475   0.000120129
6.52822   0.000120978
6.56187   0.000121995
6.59568   0.000123189
6.62967   0.000124565
6.66384   0.000126131
6.69818   0.000127894
6.73269   0.000129865
6.76739   0.000132052
6.80227   0.000134466
6.83732   0.000137117
6.87255   0.000140017
6.90797   0.000143179
6.94357   0.000146614
6.97935   0.000150336
7.01532   0.000154357
7.05147   0.000158689
7.08781   0.000163343
7.12434   0.000168329
7.16105   0.000173654
7.19795   0.000179323
7.23505   0.000185336
7.27233   0.000191686
7.30981   0.000198362
7.34748   0.00020534
7.38534   0.000212589
7.4234   0.00022006
7.46166   0.000227695
7.50011   0.000235413
7.53876   0.000243117
7.57761   0.000250692
7.61666   0.000258004
7.65591   0.000264902
7.69536   0.000271223
7.73502   0.0002768
7.77488   0.000281466
7.81495   0.000285066
7.85522   0.00028747
7.8957   0.000288578
7.93639   0.000288329
7.97729   0.000286712
8.0184   0.00028376
8.05972   0.000279553
8.10125   0.000274211
8.143   0.000267883
8.18497   0.000260741
8.22715   0.000252964
8.26954   0.000244731
8.31216   0.000236212
8.35499   0.000227564
8.39805   0.000218922
8.44133   0.000210402
8.48483   0.000202099
8.52855   0.000194087
8.5725   0.000186421
8.61668   0.000179143
8.66109   0.000172278
8.70572   0.000165843
8.75058   0.000159843
8.79568   0.000154279
8.841   0.000149147
8.88657   0.000144437
8.93236   0.000140139
8.97839   0.00013624
9.02466   0.000132728
9.07117   0.000129592
9.11791   0.000126817
9.1649   0.000124395
9.21213   0.000122315
9.25961   0.000120568
9.30732   0.00011915
9.35529   0.000118054
9.4035   0.000117278
9.45196   0.000116822
9.50067   0.000116688
9.54963   0.000116879
9.59884   0.000117402
9.6483   0.000118266
9.69802   0.000119482
9.748   0.000121065
9.79824   0.000123033
9.84873   0.000125406
9.89948   0.000128206
9.9505   0.000131462
10.0018   0.000135201
10.0533   0.000139457
10.1051   0.000144261
10.1572   0.000149648
10.2095   0.000155652
10.2622   0.000162303
10.315   0.000169625
10.3682   0.000177629
10.4216   0.000186312
10.4753   0.000195644
10.5293   0.00020556
10.5836   0.000215953
10.6381   0.000226656
10.6929   0.00023744
10.748   0.000248001
10.8034   0.000257967
10.8591   0.000266913
10.9151   0.000274384
10.9713   0.000279941
11.0279   0.000283212
11.0847   0.000283946
11.1418   0.00028205
11.1992   0.000277609
11.2569   0.000270873
11.315   0.00026222
11.3733   0.000252108
11.4319   0.000241014
11.4908   0.000229393
11.55   0.000217641
11.6095   0.000206081
11.6693   0.000194959
11.7295   0.000184447
11.7899   0.000174657
11.8507   0.000165653
11.9118   0.000157458
11.9731   0.000150073
12.0348   0.00014348
12.0969   0.000137651
12.1592   0.000132553
12.2219   0.00012815
12.2848   0.00012441
12.3482   0.000121303
12.4118   0.000118803
12.4758   0.000116889
12.54   0.000115546
12.6047   0.000114768
12.6696   0.000114552
12.7349   0.000114904
12.8005   0.000115839
12.8665   0.000117376
12.9328   0.000119546
12.9995   0.000122386
13.0664   0.000125943
13.1338   0.000130272
13.2015   0.000135436
13.2695   0.000141504
13.3379   0.000148545
13.4066   0.000156628
13.4757   0.000165807
13.5451   0.00017611
13.615   0.000187514
13.6851   0.000199922
13.7556   0.000213124
13.8265   0.00022676
13.8978   0.000240291
13.9694   0.000252987
14.0414   0.000263964
14.1137   0.000272282
14.1865   0.000277095
14.2596   0.000277832
14.3331   0.000274341
14.4069   0.000266931
14.4812   0.000256301
14.5558   0.00024338
14.6308   0.000229146
14.7062   0.000214476
14.782   0.000200066
14.8582   0.00018641
14.9347   0.000173817
15.0117   0.000162451
15.0891   0.00015237
15.1668   0.000143566
15.245   0.000135991
15.3235   0.000129578
15.4025   0.000124254
15.4819   0.000119951
15.5617   0.000116609
15.6419   0.000114181
15.7225   0.000112634
15.8035   0.00011195
15.8849   0.00011213
15.9668   0.00011319
16.0491   0.000115166
16.1318   0.000118111
16.2149   0.0001221
16.2985   0.000127225
16.3825   0.000133597
16.4669   0.000141339
16.5518   0.000150575
16.6371   0.00016141
16.7228   0.000173894
16.809   0.000187969
16.8956   0.000203391
16.9827   0.000219629
17.0702   0.00023578
17.1581   0.000250532
17.2466   0.000262274
17.3354   0.000269394
17.4248   0.000270719
17.5146   0.000265928
17.6048   0.000255679
17.6956   0.000241381
17.7867   0.00022475
17.8784   0.000207375
17.9705   0.000190474
18.0631   0.000174834
18.1562   0.000160873
18.2498   0.000148751
18.3438   0.000138461
18.4384   0.000129914
18.5334   0.000122987
18.6289   0.000117551
18.7249   0.000113496
18.8214   0.000110734
18.9184   0.000109208
19.0159   0.000108892
19.1139   0.000109795
19.2124   0.000111963
19.3114   0.000115479
19.4109   0.000120462
19.5109   0.000127072
19.6115   0.000135494
19.7125   0.000145929
19.8141   0.000158545
19.9162   0.000173406
20.0189   0.00019034
20.122   0.000208753
20.2257   0.00022741
20.33   0.00024432
20.4347   0.000256918
20.54   0.000262736
20.6459   0.000260383
20.7523   0.000250225
20.8592   0.000234233
20.9667   0.000215097
21.0748   0.000195288
21.1834   0.000176551
21.2925   0.000159857
21.4023   0.000145594
21.5126   0.000133797
21.6234   0.000124326
21.7349   0.00011698
21.8469   0.00011156
21.9594   0.000107906
22.0726   0.000105907
22.1864   0.000105509
22.3007   0.000106722
22.4156   0.000109617
22.5311   0.000114335
22.6472   0.00012108
22.764   0.000130118
22.8813   0.000141739
22.9992   0.000156191
23.1177   0.00017352
23.2368   0.000193297
23.3566   0.000214224
23.4769   0.00023377
23.5979   0.000248296
23.7195   0.000254141
23.8418   0.00024946
23.9646   0.000235397
24.0881   0.000215399
24.2123   0.000193371
24.337   0.000172251
24.4625   0.000153653
24.5885   0.000138169
24.7152   0.000125806
24.8426   0.00011632
24.9706   0.00010941
25.0993   0.000104809
25.2286   0.000102329
25.3587   0.000101875
25.4893   0.000103455
25.6207   0.000107181
25.7527   0.000113275
25.8854   0.000122061
26.0188   0.000133936
26.1529   0.000149271
26.2877   0.000168177
26.4232   0.000190033
26.5593   0.000212796
26.6962   0.000232458
26.8338   0.000243712
26.9721   0.000242548
27.111   0.000229127
27.2508   0.000207712
27.3912   0.000183728
27.5324   0.000161157
27.6742   0.000141952
27.8168   0.000126631
27.9602   0.000115012
28.1043   0.000106688
28.2491   0.000101264
28.3947   9.84536E-5
28.541   9.81163E-5
28.6881   0.000100266
28.8359   0.000105081
28.9845   0.000112904
29.1339   0.000124219
29.284   0.000139556
29.435   0.000159194
29.5866   0.000182505
29.7391   0.00020685
29.8924   0.000226726
30.0464   0.000235137
30.2013   0.000228184
30.3569   0.00020859
30.5133   0.000183307
30.6706   0.000158516
30.8286   0.000137448
30.9875   0.000120998
31.1472   0.000108942
31.3077   0.000100732
31.469   9.58673E-5
31.6312   9.40234E-5
31.7942   9.50972E-5
31.9581   9.92188E-5
32.1227   0.000106758
32.2883   0.000118302
32.4547   0.000134529
32.6219   0.000155778
32.79   0.000180993
32.959   0.000205996
33.1289   0.000222735
33.2996   0.000223202
33.4712   0.000206759
33.6437   0.000180944
33.8171   0.000154364
33.9913   0.000131822
34.1665   0.000114644
34.3426   0.000102528
34.5196   9.47636E-5
34.6974   9.07522E-5
34.8762   9.01691E-5
35.056   9.30077E-5
35.2366   9.95923E-5
35.4182   0.000110569
35.6007   0.000126778
35.7842   0.000148739
35.9686   0.000175213
36.154   0.00020071
36.3403   0.000214818
36.5276   0.000209137
36.7158   0.000186687
36.905   0.000158424
37.0952   0.000132897
37.2864   0.000113253
37.4785   9.95533E-5
37.6716   9.09524E-5
37.8658   8.66718E-5
38.0609   8.62939E-5
38.257   8.98313E-5
38.4542   9.77436E-5
38.6524   0.000110901
38.8516   0.000130287
39.0518   0.000155854
39.253   0.00018369
39.4553   0.000203112
39.6586   0.00020194
39.863   0.00018048
40.0684   0.000151301
40.2749   0.000125081
40.4825   0.000105527
40.6911   9.25135E-5
40.9008   8.49815E-5
41.1115   8.20924E-5
41.3234   8.35254E-5
41.5364   8.95369E-5
41.7504   0.000100957
41.9656   0.00011898
42.1818   0.000144093
42.3992   0.000172835
42.6177   0.000193474
42.8373   0.000191527
43.0581   0.000167962
43.28   0.000137992
43.503   0.000112757
43.7272   9.50927E-5
43.9525   8.42399E-5
44.179   7.89701E-5
44.4067   7.85726E-5
44.6356   8.30537E-5
44.8656   9.31632E-5
45.0968   0.000110238
45.3292   0.000135136
45.5628   0.000164468
45.7976   0.000184872
46.0336   0.000180068
46.2708   0.000153673
46.5093   0.000123666
46.7489   0.000100394
46.9898   8.52962E-5
47.232   7.70379E-5
47.4754   7.44074E-5
47.7201   7.70148E-5
47.966   8.53977E-5
48.2132   0.000100937
48.4616   0.00012494
48.7114   0.000154657
48.9624   0.000175876
49.2147   0.000169998
49.4683   0.000142068
49.7233   0.000112403
49.9795   9.08249E-5
50.2371   7.77962E-5
50.4959   7.16587E-5
50.7562   7.13343E-5
51.0177   7.68373E-5
51.2806   8.93071E-5
51.5449   0.000110508
51.8105   0.000139689
52.0775   0.00016491
52.3459   0.00016395
52.6157   0.000137098
52.8868   0.000106965
53.1593   8.54091E-5
53.4333   7.29373E-5
53.7087   6.76826E-5
53.9854   6.8592E-5
54.2636   7.59587E-5
54.5433   9.1374E-5
54.8244   0.000116462
55.1069   0.000146453
55.3909   0.000160161
55.6763   0.000141649
55.9632   0.000110292
56.2516   8.57063E-5
56.5415   7.116E-5
56.8329   6.47026E-5
57.1258   6.49085E-5
57.4202   7.19209E-5
57.7161   8.74407E-5
58.0135   0.000113183
58.3125   0.000142696
58.613   0.000150948
58.915   0.000127
59.2186   9.64023E-5
59.5238   7.52981E-5
59.8305   6.41932E-5
60.1389   6.08477E-5
60.4488   6.44302E-5
60.7603   7.60233E-5
61.0734   9.79611E-5
61.3881   0.000128078
61.7045   0.000144769
62.0225   0.000126331
62.3421   9.51522E-5
62.6634   7.28372E-5
62.9863   6.12269E-5
63.3109   5.7863E-5
63.6371   6.18189E-5
63.9651   7.43853E-5
64.2947   9.8016E-5
64.626   0.000127812
64.9591   0.000135816
65.2938   0.000109983
65.6303   8.09711E-5
65.9685   6.33507E-5
66.3085   5.5801E-5
66.6502   5.61607E-5
66.9937   6.4656E-5
67.3389   8.37688E-5
67.6859   0.000113166
68.0347   0.000130886
68.3853   0.000111247
68.7378   8.0998E-5
69.092   6.17321E-5
69.448   5.33509E-5
69.8059   5.33401E-5
70.1657   6.18023E-5
70.5273   8.13932E-5
70.8907   0.000110912
71.256   0.000123797
71.6232   9.95089E-5
71.9923   7.12709E-5
72.3633   5.54181E-5
72.7362   4.99375E-5
73.1111   5.28759E-5
73.4878   6.55023E-5
73.8665   9.05788E-5
74.2472   0.000116649
74.6298   0.000107317
75.0144   7.69703E-5
75.401   5.66516E-5
75.7896   4.82515E-5
76.1801   4.88831E-5
76.5727   5.89345E-5
76.9673   8.1515E-5
77.3639   0.000109229
77.7626   0.000104349
78.1634   7.43914E-5
78.5662   5.39633E-5
78.971   4.58441E-5
79.378   4.70284E-5
79.7871   5.81842E-5
80.1982   8.24441E-5
80.6115   0.000106855
81.0269   9.27246E-5
81.4445   6.38794E-5
81.8642   4.77955E-5
82.2861   4.3162E-5
82.7101   4.79027E-5
83.1364   6.43252E-5
83.5648   9.24762E-5
83.9954   9.96714E-5
84.4283   7.18045E-5
84.8634   5.01146E-5
85.3007   4.17243E-5
85.7403   4.32695E-5
86.1821   5.5688E-5
86.6263   8.1689E-5
87.0727   9.75417E-5
87.5214   7.32321E-5
87.9724   4.97038E-5
88.4258   4.01588E-5
88.8814   4.10226E-5
89.3395   5.29039E-5
89.7999   7.86186E-5
90.2626   9.27096E-5
90.7278   6.73259E-5
91.1954   4.56512E-5
91.6653   3.78895E-5
92.1377   4.0539E-5
92.6125   5.5258E-5
93.0898   8.23025E-5
93.5695   8.35332E-5
94.0517   5.56287E-5
94.5364   3.95617E-5
95.0235   3.61247E-5
95.5132   4.335E-5
96.0054   6.47279E-5
96.5002   8.56725E-5
96.9975   6.50657E-5
97.4973   4.25555E-5
97.9998   3.46793E-5
98.5048   3.77594E-5
99.0124   5.38456E-5
99.5227   7.95835E-5
100.036   6.95194E-5
100.551   4.41981E-5
101.069   3.37962E-5
101.59   3.50243E-5
102.114   4.88418E-5
102.64   7.46469E-5
103.169   6.82979E-5
103.7   4.28824E-5
104.235   3.2401E-5
104.772   3.38134E-5
105.312   4.82361E-5
105.855   7.32539E-5
106.4   6.20842E-5
106.948   3.86374E-5
107.5   3.05622E-5
108.054   3.42221E-5
108.61   5.21731E-5
109.17   7.24258E-5
109.733   5.1277E-5
110.298   3.30519E-5
110.867   2.93732E-5
111.438   3.77478E-5
112.012   6.12098E-5
112.589   6.36507E-5
113.17   3.87263E-5
113.753   2.85623E-5
114.339   3.09398E-5
114.928   4.77219E-5
115.521   6.68589E-5
116.116   4.50875E-5
116.714   2.93116E-5
117.316   2.77981E-5
117.92   3.94484E-5
118.528   6.28949E-5
119.139   4.9421E-5
119.753   3.00614E-5
120.37   2.61964E-5
120.99   3.51696E-5
121.614   5.84673E-5
122.24   5.03183E-5
122.87   2.97823E-5
123.504   2.51563E-5
124.14   3.35132E-5
124.78   5.64041E-5
125.423   4.77664E-5
126.069   2.8134E-5
126.719   2.44178E-5
127.372   3.41067E-5
128.028   5.64612E-5
128.688   4.20962E-5
129.351   2.5544E-5
130.018   2.43186E-5
130.688   3.75167E-5
131.361   5.55422E-5
132.038   3.43196E-5
132.719   2.30231E-5
133.403   2.58425E-5
134.09   4.46761E-5
134.781   4.79145E-5
135.476   2.6757E-5
136.174   2.18911E-5
136.875   3.1009E-5
137.581   5.1712E-5
138.29   3.43799E-5
139.002   2.17679E-5
139.719   2.40006E-5
140.439   4.24674E-5
141.163   4.30946E-5
141.89   2.3741E-5
142.621   2.09421E-5
143.356   3.31313E-5
144.095   4.77814E-5
144.838   2.66988E-5
145.584   1.97497E-5
146.334   2.73507E-5
147.088   4.70465E-5
147.846   2.95011E-5
148.608   1.93187E-5
149.374   2.41333E-5
150.144   4.41948E-5
150.917   3.11283E-5
151.695   1.90164E-5
152.477   2.24627E-5
153.263   4.19499E-5
154.053   3.1034E-5
154.846   1.85162E-5
155.644   2.18467E-5
156.446   4.11293E-5
157.253   2.91629E-5
158.063   1.77777E-5
158.878   2.22356E-5
159.696   4.13001E-5
160.519   2.58446E-5
161.347   1.703E-5
162.178   2.39925E-5
163.014   4.05823E-5
163.854   2.1838E-5
164.698   1.67375E-5
165.547   2.78882E-5
166.4   3.5933E-5
167.258   1.8198E-5
168.12   1.7644E-5
168.986   3.42089E-5
169.857   2.74082E-5
170.732   1.58825E-5
171.612   2.10851E-5
172.496   3.74677E-5
173.385   1.95846E-5
174.279   1.57412E-5
175.177   2.90747E-5
176.08   2.86377E-5
176.987   1.53264E-5
177.899   1.94002E-5
178.816   3.56283E-5
179.737   1.83068E-5
180.664   1.52166E-5
181.595   2.97525E-5
182.53   2.43917E-5
183.471   1.42023E-5
184.417   2.15288E-5
185.367   3.12174E-5
186.322   1.50498E-5
187.282   1.67058E-5
188.247   3.31236E-5
189.218   1.7191E-5
190.193   1.43412E-5
191.173   2.94541E-5
192.158   2.0127E-5
193.148   1.32992E-5
194.144   2.47297E-5
195.144   2.31319E-5
196.15   1.29251E-5
197.161   2.11921E-5
198.177   2.54286E-5
199.198   1.28283E-5
200.224   1.89682E-5
201.256   2.66186E-5
202.293   1.2757E-5
203.336   1.77488E-5
204.384   2.67548E-5
205.437   1.25652E-5
206.496   1.73146E-5
207.56   2.59958E-5
208.629   1.22141E-5
209.705   1.76146E-5
210.785   2.43409E-5
211.871   1.1771E-5
212.963   1.87599E-5
214.061   2.17295E-5
215.164   1.13975E-5
216.273   2.09573E-5
217.387   1.83968E-5
218.507   1.13413E-5
219.634   2.40964E-5
220.765   1.50094E-5
221.903   1.19709E-5
223.047   2.63102E-5
224.196   1.23032E-5
225.351   1.39113E-5
226.513   2.36982E-5
227.68   1.07407E-5
228.853   1.8163E-5
230.033   1.72918E-5
231.218   1.06669E-5
232.41   2.40122E-5
233.607   1.22461E-5
234.811   1.28861E-5
236.021   2.22733E-5
237.237   1.01028E-5
238.46   1.90925E-5
239.689   1.42331E-5
240.924   1.09621E-5
242.166   2.35194E-5
243.414   1.00846E-5
244.668   1.6596E-5
245.929   1.4891E-5
247.196   1.03514E-5
248.47   2.29133E-5
249.751   9.75368E-6
251.038   1.66945E-5
252.331   1.35471E-5
253.632   1.05691E-5
254.939   2.11345E-5
256.252   9.17879E-6
257.573   1.929E-5
258.9   1.09665E-5
260.235   1.23463E-5
261.576   1.62175E-5
262.924   9.29141E-6
264.279   2.1359E-5
265.64   8.93228E-6
267.009   1.77007E-5
268.385   1.05814E-5
269.768   1.22484E-5
271.159   1.43535E-5
272.556   9.4291E-6
273.961   1.90842E-5
275.372   8.46114E-6
276.792   2.01025E-5
278.218   8.65242E-6
279.652   1.66048E-5
281.093   9.74757E-6
282.541   1.28588E-5
283.997   1.16446E-5
285.461   1.04116E-5
286.932   1.41162E-5
288.411   9.01602E-6
289.897   1.65914E-5
291.391   8.27469E-6
292.892   1.83128E-5
294.402   7.92023E-6
295.919   1.89193E-5
297.444   7.7833E-6
298.977   1.86854E-5
300.518   7.75021E-6
302.066   1.81263E-5
303.623   7.7419E-6
305.188   1.76239E-5
306.76   7.70735E-6
308.341   1.73593E-5
309.93   7.6235E-6
311.527   1.73679E-5
313.133   7.49606E-6
314.746   1.75622E-5
316.368   7.35878E-6
317.999   1.76935E-5
319.637   7.27171E-6
321.285   1.73216E-5
322.94   7.32204E-6
324.605   1.59933E-5
326.277   7.63463E-6
327.959   1.37124E-5
329.649   8.40158E-6
331.348   1.11113E-5
333.055   9.92998E-6
334.771   8.91102E-6
336.497   1.25829E-5
338.231   7.46602E-6
339.974   1.58306E-5
341.726   6.86959E-6
343.487   1.60963E-5
345.257   7.26536E-6
347.036   1.20766E-5
348.824   9.1676E-6
350.622   8.41827E-6
352.429   1.33568E-5
354.245   6.79008E-6
356.071   1.60122E-5
357.906   7.04649E-6
359.75   1.11718E-5
361.604   9.87632E-6
363.467   7.32897E-6
365.34   1.53572E-5
367.223   6.59419E-6
369.116   1.23097E-5
371.018   9.07351E-6
372.93   7.31862E-6
374.852   1.51976E-5
376.783   6.57575E-6
378.725   1.09061E-5
380.677   1.03013E-5
382.638   6.58307E-6
384.61   1.4951E-5
386.592   7.40709E-6
388.585   7.91439E-6
390.587   1.42378E-5
392.6   6.40597E-6
394.623   9.93717E-6
396.657   1.15972E-5
398.701   6.19039E-6
400.755   1.17612E-5
402.821   9.9109E-6
404.897   6.21962E-6
406.983   1.26962E-5
409.08   9.24916E-6
411.189   6.21666E-6
413.308   1.26452E-5
415.437   9.41155E-6
417.578   6.10475E-6
419.73   1.16189E-5
421.893   1.04802E-5
424.067   6.01295E-6
426.253   9.69941E-6
428.449   1.26437E-5
430.657   6.28026E-6
432.877   7.56438E-6
435.107   1.44221E-5
437.35   7.58882E-6
439.604   6.14596E-6
441.869   1.15095E-5
444.146   1.12553E-5
446.435   6.11345E-6
448.735   7.283E-6
451.048   1.39781E-5
453.372   8.80511E-6
455.709   5.86186E-6
458.057   8.23821E-6
460.418   1.41649E-5
462.79   8.21604E-6
465.175   5.82729E-6
467.572   8.05057E-6
469.982   1.40131E-5
472.404   9.0664E-6
474.838   5.90442E-6
477.285   6.85595E-6
479.745   1.21909E-5
482.217   1.19674E-5
484.702   6.84872E-6
487.2   5.82501E-6
489.711   8.06522E-6
492.235   1.34656E-5
494.771   1.09309E-5
497.321   6.66993E-6
499.884   5.78862E-6
502.46   7.49112E-6
505.049   1.22174E-5
507.652   1.29316E-5
510.268   8.17089E-6
512.898   5.97853E-6
515.541   5.97789E-6
518.197   7.98822E-6
520.868   1.22348E-5
523.552   1.34513E-5
526.25   9.38937E-6
528.962   6.64247E-6
531.688   5.76269E-6
534.428   6.19601E-6
537.182   8.00792E-6
539.95   1.13503E-5
542.733   1.39333E-5
545.53   1.21319E-5
548.341   8.91993E-6
551.167   6.87824E-6
554.007   5.95157E-6
556.862   5.79237E-6
559.732   6.25498E-6
562.616   7.3505E-6
565.516   9.13099E-6
568.43   1.14273E-5
571.359   1.34483E-5
574.304   1.40378E-5
577.263   1.30117E-5
580.238   1.1291E-5
583.228   9.67124E-6
586.234   8.41984E-6
589.255   7.52879E-6
592.291   6.91929E-6
595.344   6.51451E-6
598.412   6.25466E-6
601.495   6.09561E-6
604.595   6.00502E-6
607.711   5.95923E-6
610.843   5.94141E-6
613.99   5.94055E-6
617.155   5.95121E-6
620.335   5.97338E-6
623.532   6.0127E-6
626.745   6.08075E-6
629.975   6.19572E-6
633.221   6.3838E-6
636.484   6.68164E-6
639.765   7.14042E-6
643.061   7.83111E-6
646.375   8.84646E-6
649.706   1.02805E-5
653.055   1.21241E-5
656.42   1.3976E-5
659.803   1.47718E-5
663.203   1.36014E-5
666.62   1.11455E-5
670.056   8.78764E-6
673.509   7.16914E-6
676.98   6.33742E-6
680.468   6.24791E-6
683.975   7.01446E-6
687.5   9.03786E-6
691.043   1.26591E-5
694.604   1.52093E-5
698.183   1.22977E-5
701.781   8.45945E-6
705.398   6.60868E-6
709.033   6.50904E-6
712.687   8.34581E-6
716.36   1.29715E-5
720.051   1.51388E-5
723.762   9.95565E-6
727.492   6.88317E-6
731.241   6.75046E-6
735.009   9.80213E-6
738.797   1.566E-5
742.604   1.15553E-5
746.431   7.15083E-6
750.278   6.99618E-6
754.144   1.14154E-5
758.03   1.56971E-5
761.937   8.77141E-6
765.863   6.75422E-6
769.81   1.00972E-5
773.777   1.63382E-5
777.765   8.8859E-6
781.773   6.95342E-6
785.801   1.19564E-5
789.851   1.46524E-5
793.921   7.45602E-6
798.013   8.4328E-6
802.125   1.69186E-5
806.259   9.0823E-6
810.413   7.51021E-6
814.59   1.58755E-5
818.788   1.01934E-5
823.007   7.46262E-6
827.248   1.61236E-5
831.511   9.8113E-6
835.797   7.9547E-6
840.104   1.77116E-5
844.433   8.36695E-6
848.785   9.89856E-6
853.159   1.55646E-5
857.555   7.49438E-6
861.975   1.58897E-5
866.417   9.53368E-6
870.881   9.77081E-6
875.369   1.52506E-5
879.88   7.83596E-6
884.415   1.87389E-5
888.972   8.04326E-6
893.554   1.57038E-5
898.158   9.31396E-6
902.787   1.26121E-5
907.439   1.09502E-5
912.116   1.10905E-5
916.816   1.22205E-5
921.541   1.06488E-5
926.29   1.25882E-5
931.063   1.10255E-5
935.861   1.19184E-5
940.684   1.23986E-5
945.532   1.05314E-5
950.404   1.53917E-5
955.302   9.14873E-6
960.225   1.98683E-5
965.173   8.6233E-6
970.147   1.93719E-5
975.147   1.00962E-5
980.172   1.25585E-5
985.223   1.62804E-5
990.3   9.06378E-6
995.404   2.07247E-5
1000.53   1.09107E-5
1005.69   1.11709E-5
1010.87   2.1446E-5
1016.08   9.73446E-6
1021.32   1.3202E-5
1026.58   2.0577E-5
1031.87   9.84573E-6
1037.19   1.2973E-5
1042.53   2.25715E-5
1047.91   1.10257E-5
1053.31   1.09264E-5
1058.73   2.21204E-5
1064.19   1.59574E-5
1069.67   1.00178E-5
1075.19   1.34191E-5
1080.73   2.43301E-5
1086.3   1.58249E-5
1091.9   1.04486E-5
1097.52   1.22021E-5
1103.18   2.13163E-5
1108.86   2.32135E-5
1114.58   1.39685E-5
1120.32   1.07861E-5
1126.09   1.20777E-5
1131.9   1.79845E-5
1137.73   2.60882E-5
1143.59   2.30691E-5
1149.49   1.59117E-5
1155.41   1.23107E-5
1161.36   1.1359E-5
1167.35   1.21718E-5
1173.37   1.45448E-5
1179.41   1.84395E-5
1185.49   2.32679E-5
1191.6   2.73505E-5
1197.74   2.90008E-5
1203.91   2.83403E-5
1210.12   2.67125E-5
1216.35   2.5169E-5
1222.62   2.41527E-5
1228.92   2.37847E-5
1235.25   2.40926E-5
1241.62   2.50994E-5
1248.02   2.68099E-5
1254.45   2.90739E-5
1260.91   3.12594E-5
1267.41   3.19378E-5
1273.94   2.96253E-5
1280.51   2.47853E-5
1287.11   1.96819E-5
1293.74   1.59773E-5
1300.41   1.41417E-5
1307.11   1.43667E-5
1313.85   1.74768E-5
1320.62   2.54559E-5
1327.42   3.48791E-5
1334.26   2.78313E-5
1341.14   1.78636E-5
1348.05   1.49058E-5
1355   1.87337E-5
1361.98   3.26563E-5
1369   3.11527E-5
1376.05   1.76621E-5
1383.14   1.64657E-5
1390.27   2.91824E-5
1397.44   3.35599E-5
1404.64   1.75148E-5
1411.88   1.93442E-5
1419.15   3.95899E-5
1426.47   2.18959E-5
1433.82   1.8004E-5
1441.21   3.93931E-5
1448.63   2.23551E-5
1456.1   1.97281E-5
1463.6   4.26185E-5
1471.14   1.89166E-5
1478.73   2.90123E-5
1486.35   2.93127E-5
1494.01   2.02051E-5
1501.7   4.32498E-5
1509.44   1.89001E-5
1517.22   4.53607E-5
1525.04   1.98574E-5
1532.9   4.31906E-5
1540.8   2.06932E-5
1548.74   4.47064E-5
1556.72   2.06391E-5
1564.74   4.93439E-5
1572.81   2.08367E-5
1580.91   4.59522E-5
1589.06   2.4733E-5
1597.25   3.03954E-5
1605.48   4.09864E-5
1613.75   2.2186E-5
1622.07   4.81842E-5
1630.43   3.08472E-5
1638.83   2.4489E-5
1647.28   5.34129E-5
1655.76   3.25683E-5
1664.3   2.42644E-5
1672.87   4.51164E-5
1681.49   4.86588E-5
1690.16   2.65256E-5
1698.87   2.77727E-5
1707.62   4.99228E-5
1716.42   5.61681E-5
1725.27   3.31357E-5
1734.16   2.63766E-5
1743.1   3.08335E-5
1752.08   4.65342E-5
1761.11   6.53517E-5
1770.18   5.9348E-5
1779.31   4.367E-5
1788.48   3.44213E-5
1797.69   3.04445E-5
1806.96   2.94104E-5
1816.27   2.996E-5
1825.63   3.12318E-5
1835.04   3.25799E-5
1844.49   3.35302E-5
1854   3.38383E-5
1863.55   3.35492E-5
1873.16   3.30096E-5
1882.81   3.28419E-5
1892.51   3.39641E-5
1902.26   3.78241E-5
1912.07   4.70578E-5
1921.92   6.54844E-5
1931.83   8.50775E-5
1941.78   7.13035E-5
1951.79   4.66777E-5
1961.85   3.71492E-5
1971.96   4.368E-5
1982.12   7.62299E-5
1992.33   8.18707E-5
2002.6   4.48718E-5
2012.92   4.26711E-5
2023.29   8.35644E-5
2033.72   7.03956E-5
2044.2   4.18001E-5
2054.73   7.35209E-5
2065.32   7.65854E-5
2075.97   4.41008E-5
2086.66   9.7668E-5
2097.42   5.54548E-5
2108.23   6.14252E-5
2119.09   8.51282E-5
2130.01   5.10712E-5
2140.99   0.000107601
2152.02   5.04572E-5
2163.11   0.000113124
2174.26   5.35231E-5
2185.46   0.000101039
2196.73   6.51311E-5
2208.05   7.18565E-5
2219.42   0.000106855
2230.86   5.55829E-5
2242.36   0.000116177
2253.91   8.48639E-5
2265.53   5.98783E-5
2277.2   0.000118934
2288.94   0.000108664
2300.74   6.3165E-5
2312.59   7.73908E-5
2324.51   0.000143825
2336.49   0.000125786
2348.53   7.78012E-5
2360.63   6.78298E-5
2372.8   8.07704E-5
2385.02   0.000114693
2397.32   0.000158676
2409.67   0.000176534
2422.09   0.000162903
2434.57   0.00014463
2447.12   0.000133534
2459.73   0.000130575
2472.4   0.000135423
2485.14   0.000149003
2497.95   0.000172734
2510.82   0.00020142
2523.76   0.000207039
2536.77   0.000166817
2549.84   0.00011931
2562.98   9.57529E-5
2576.19   0.000102265
2589.46   0.00016035
2602.81   0.000239313
2616.22   0.000140387
2629.7   0.000104457
2643.26   0.000174522
2656.88   0.000227452
2670.57   0.000114213
2684.33   0.000176773
2698.16   0.000214829
2712.07   0.000121117
2726.04   0.000290527
2740.09   0.000131751
2754.21   0.000251629
2768.41   0.000148508
2782.67   0.000259642
2797.01   0.000147161
2811.43   0.000328874
2825.92   0.000145453
2840.48   0.000293908
2855.12   0.00021812
2869.83   0.000164735
2884.62   0.000357233
2899.48   0.000249359
2914.43   0.000169019
2929.45   0.000249383
2944.54   0.000428736
2959.72   0.000305367
2974.97   0.000207365
2990.3   0.000194271
3005.71   0.000228504
3021.2   0.00029764
3036.77   0.00038311
3052.42   0.000455257
3068.15   0.000498701
3083.96   0.000516807
3099.85   0.000508819
3115.83   0.000464441
3131.88   0.000388324
3148.02   0.000313263
3164.25   0.000272475
3180.55   0.00029171
3196.94   0.000433283
3213.42   0.000706246
3229.98   0.000470292
3246.62   0.000315408
3263.35   0.000476659
3280.17   0.000746475
3297.07   0.000360879
3314.06   0.000566888
3331.14   0.000626852
3348.31   0.000415361
3365.56   0.000911315
3382.91   0.000420713
3400.34   0.000995411
3417.86   0.000470392
3435.48   0.000846152
3453.18   0.000689009
3470.98   0.000547997
3488.86   0.0012405
3506.84   0.00070009
3524.92   0.000587054
3543.08   0.00106106
3561.34   0.00139502
3579.69   0.000870838
3598.14   0.000687807
3616.68   0.000727183
3635.32   0.000895722
3654.05   0.00113498
3672.88   0.00136273
3691.81   0.0015049
3710.84   0.0015247
3729.96   0.00141795
3749.18   0.00123661
3768.5   0.00108849
3787.92   0.0010939
3807.44   0.00145504
3827.06   0.00259013
3846.79   0.00242331
3866.61   0.00141844
3886.54   0.00179806
3906.57   0.00355429
3926.7   0.00171256
3946.93   0.00267731
3967.27   0.00279123
3987.72   0.00232336
4008.27   0.00359531
4028.92   0.00278014
4049.69   0.00323826
4070.55   0.00482009
4091.53   0.00275076
4112.62   0.00544288
4133.81   0.00588779
4155.11   0.00360409
4176.53   0.00428098
4198.05   0.00750981
4219.68   0.0104771
4241.43   0.0092671
4263.29   0.00794143
4285.26   0.00763249
4307.34   0.00808872
4329.54   0.00929511
4351.85   0.0117364
4374.27   0.01662
4396.82   0.0235483
4419.47   0.0220913
4442.25   0.0157066
4465.14   0.0160324
4488.15   0.0316719
4511.28   0.0369361
4534.53   0.025195
4557.9   0.057187
4581.39   0.0431204
4605   0.064906
4628.73   0.0690975
4652.58   0.108444
4676.56   0.0935581
4700.66   0.192952
4724.88   0.163274
4749.23   0.193438
4773.7   0.280825
4798.3   0.244715
4823.03   0.187969
4847.89   0.164298
4872.87   0.153809
4897.98   0.141006
4923.22   0.120152
4948.59   0.0935289
4974.09   0.0674847
4999.73   0.0487086
5025.49   0.0409882
5051.39   0.0489469
5077.42   0.0706334
5103.59   0.0361239
5129.89   0.0237848
5156.32   0.0463837
5182.9   0.0219913
5209.6   0.0249882
5236.45   0.021393
5263.44   0.0217331
5290.56   0.014512
5317.82   0.028745
5345.23   0.0123043
5372.77   0.0119672
5400.46   0.0211825
5428.29   0.0188927
5456.27   0.0114948
5484.38   0.00874868
5512.65   0.00779307
5541.06   0.00734608
5569.61   0.00707693
5598.31   0.00724474
5627.16   0.00876233
5656.16   0.0132025
5685.31   0.0122841
5714.61   0.0062604
5744.06   0.00660135
5773.66   0.0127802
5803.41   0.0052801
5833.32   0.0104178
5863.38   0.00523829
5893.6   0.0109464
5923.97   0.0046576
5954.5   0.00774403
5985.18   0.00900829
6016.02   0.00475126
6047.03   0.00438909
6078.19   0.00558549
6109.51   0.00725666
6141   0.00821382
6172.64   0.00807475
6204.45   0.00688361
6236.43   0.00511765
6268.56   0.00393316
6300.87   0.00428144
6333.34   0.0081601
6365.98   0.00576044
6398.78   0.00388016
6431.76   0.00897827
6464.9   0.0036851
6498.22   0.00889812
6531.71   0.003845
6565.37   0.00545499
6599.2   0.00818767
6633.21   0.00430638
6667.39   0.00367581
6701.75   0.00432646
6736.29   0.00529336
6771   0.00576657
6805.89   0.00538565
6840.97   0.00445704
6876.22   0.00379954
6911.66   0.00444753
6947.27   0.00857929
6983.07   0.00573033
7019.06   0.00420174
7055.23   0.00945776
7091.59   0.00405747
7128.14   0.00917801
7164.87   0.00506721
7201.79   0.00478927
7238.91   0.00954887
7276.21   0.00872959
7313.71   0.00591361
7351.4   0.00507301
7389.28   0.0049991
7427.36   0.00536633
7465.64   0.00670008
7504.11   0.0105782
7542.78   0.0107164
7581.65   0.00569615
7620.72   0.00770534
7659.99   0.0104852
7699.47   0.00650262
7739.15   0.0107794
7779.03   0.00952144
7819.12   0.00670391
7859.41   0.0118339
7899.91   0.0169649
7940.62   0.0135347
7981.54   0.011692
8022.68   0.0122012
8064.02   0.015384
8105.58   0.0212429
8147.35   0.0165279
8189.33   0.0102063
8231.53   0.0160898
8273.95   0.0189041
8316.59   0.0138077
8359.45   0.0202584
8402.53   0.0231334
8445.83   0.0146341
8489.35   0.0215972
8533.1   0.036499
8577.08   0.0430917
8621.28   0.0455959
8665.71   0.0510599
8710.36   0.0485912
8755.25   0.0332209
8800.37   0.0298454
8845.72   0.0652819
8891.3   0.0455506
8937.13   0.0619574
8983.18   0.0539198
9029.47   0.118285
9076.01   0.0736859
9122.78   0.0726845
9169.79   0.0987228
9217.04   0.131214
9264.54   0.151316
9312.29   0.158498
9360.28   0.186893
9408.51   0.330536
9457   0.411563
9505.73   0.368594
9554.72   0.575327
9603.96   0.553178
9653.45   0.614988
9703.2   0.548774
9753.2   0.470546
9803.46   0.425252
9853.98   0.361052
9904.76   0.275126
9955.81   0.214521
10007.1   0.243784
10058.7   0.306541
10110.5   0.128028
10162.6   0.229269
10215   0.0948573
10267.6   0.161654
10320.5   0.134247
10373.7   0.0762247
10427.2   0.0607748
10480.9   0.054764
10534.9   0.0533662
10589.2   0.0682168
10643.8   0.100464
10698.6   0.0444725
10753.8   0.0565249
10809.2   0.0440659
10864.9   0.0695568
10920.9   0.0328963
10977.2   0.0322774
11033.7   0.039303
11090.6   0.0408547
11147.8   0.0336719
11205.2   0.0259529
11262.9   0.0308707
11321   0.0569278
11379.3   0.0236681
11438   0.0556393
11496.9   0.0253618
11556.2   0.0249848
11615.7   0.0377116
11675.6   0.0466252
11735.7   0.0447293
11796.2   0.0326515
11857   0.0222703
11918.1   0.0308859
11979.5   0.0398943
12041.3   0.0261369
12103.3   0.0294024
12165.7   0.0545719
12228.4   0.0380098
12291.4   0.0310198
12354.7   0.0331654
12418.4   0.0474107
12482.4   0.0558235
12546.7   0.0276371
12611.4   0.0505604
12676.4   0.0307367
12741.7   0.0698404
12807.4   0.0481486
12873.4   0.0369438
12939.7   0.0372289
13006.4   0.0445547
13073.4   0.0755534
13140.8   0.0753443
13208.5   0.0463907
13276.6   0.106291
13345   0.066323
13413.8   0.0599479
13482.9   0.0830579
13552.4   0.10079
13622.2   0.0954172
13692.4   0.0901578
13763   0.163466
13833.9   0.167918
13905.2   0.191952
13976.8   0.16444
14048.9   0.285697
14121.3   0.410251
14194   0.468464
14267.2   0.438124
14340.7   0.404143
14414.6   0.662604
14488.9   0.611314
14563.6   0.785074
14638.6   0.78729
14714.1   0.821509
14789.9   0.821471
14866.1   0.716706
14942.7   0.459194
15019.7   0.450889
15097.1   0.432221
15174.9   0.387728
15253.1   0.219238
15331.7   0.201351
15410.7   0.181109
15490.1   0.144912
15570   0.157317
15650.2   0.248927
15730.9   0.105642
15811.9   0.161969
15893.4   0.189802
15975.3   0.134845
16057.6   0.133295
16140.4   0.167015
16223.6   0.0894577
16307.2   0.0806064
16391.2   0.0854507
16475.7   0.137331
16560.6   0.0903092
16645.9   0.0817562
16731.7   0.108303
16817.9   0.109547
16904.6   0.0546424
16991.7   0.125274
17079.3   0.0706467
17167.3   0.0553627
17255.8   0.0557861
17344.7   0.0598505
17434.1   0.105286
17523.9   0.0864355
17614.2   0.0939918
17705   0.0652131
17796.2   0.0840222
17887.9   0.091622
17980.1   0.0789594
18072.8   0.103035
18165.9   0.161627
18259.5   0.127022
18353.6   0.105604
18448.2   0.12796
18543.3   0.134875
18638.8   0.157963
18734.9   0.351181
18831.4   0.192207
18928.5   0.349518
19026   0.508807
19124.1   0.578506
19222.6   0.544148
19321.7   0.453113
19421.3   0.804027
19521.3   0.682489
19621.9   0.742853
19723.1   0.8183
19824.7   0.892915
19926.9   0.72212
20029.6   0.755619
20132.8   0.494254
20236.5   0.507689
20340.8   0.457814
20445.6   0.315739
20551   0.30709
20656.9   0.356586
20763.4   0.316548
20870.4   0.193835
20977.9   0.173309
21086   0.227537
21194.7   0.229132
21303.9   0.143093
21413.7   0.123324
21524   0.14792
21635   0.124519
21746.4   0.0997173
21858.5   0.216212
21971.2   0.0959973
22084.4   0.104625
22198.2   0.110132
22312.6   0.0928633
22427.6   0.153837
22543.1   0.10977
22659.3   0.215774
22776.1   0.228508
22893.5   0.232932
23011.4   0.129223
23130   0.203094
23249.2   0.131242
23369   0.157498
23489.5   0.16242
23610.5   0.212953
23732.2   0.341161
23854.5   0.350486
23977.4   0.304378
24101   0.39391
24225.2   0.66753
24350   0.448364
24475.5   0.747503
24601.6   0.881553
24728.4   0.876096
24855.8   0.831353
24983.9   0.85711
25112.7   0.925929
25242.1   0.910157
25372.2   0.770848
25502.9   0.454131
25634.4   0.691355
25766.5   0.470621
25899.2   0.390269
26032.7   0.492345
26166.9   0.235671
26301.7   0.411453
26437.3   0.291069
26573.5   0.310826
26710.4   0.250827
26848.1   0.167505
26986.4   0.142096
27125.5   0.145703
27265.3   0.129242
27405.8   0.275217
27547   0.131978
27689   0.130728
27831.7   0.133847
27975.1   0.259969
28119.3   0.147314
28264.2   0.216478
28409.8   0.21493
28556.2   0.184987
28703.4   0.408927
28851.3   0.359267
29000   0.402667
