2000 
    Freq test
7000   0.00424446
7004.98   0.0073305
7009.96   0.00558329
7014.95   0.00498898
7019.94   0.00851562
7024.93   0.00414243
7029.93   0.00966518
7034.93   0.00454563
7039.93   0.00657844
7044.94   0.00658641
7049.95   0.00457811
7054.97   0.00988663
7059.98   0.00425836
7065.01   0.00828245
7070.03   0.00555719
7075.06   0.0052204
7080.09   0.0090464
7085.13   0.00427759
7090.17   0.00943874
7095.21   0.00514544
7100.26   0.0057677
7105.31   0.00850004
7110.36   0.00437377
7115.42   0.00994646
7120.48   0.00508779
7125.55   0.00598497
7130.61   0.00856917
7135.69   0.00443914
7140.76   0.00995787
7145.84   0.00531083
7150.92   0.0057953
7156.01   0.00929549
7161.1   0.00448462
7166.19   0.009347
7171.29   0.00592248
7176.39   0.00531576
7181.5   0.0105102
7186.61   0.00465131
7191.72   0.00795588
7196.83   0.00725604
7201.95   0.004825
7207.07   0.0110004
7212.2   0.00524992
7217.33   0.00625418
7222.46   0.00970472
7227.6   0.00468312
7232.74   0.00900836
7237.89   0.00693241
7243.04   0.00504685
7248.19   0.0113447
7253.34   0.00540431
7258.5   0.00625114
7263.67   0.0104269
7268.83   0.00485633
7274   0.00829368
7279.18   0.00813739
7284.35   0.00491921
7289.54   0.0106173
7294.72   0.00649077
7299.91   0.00543024
7305.1   0.0118214
7310.3   0.00559036
7315.5   0.00631249
7320.7   0.0113128
7325.91   0.00517335
7331.12   0.00747522
7336.33   0.0100375
7341.55   0.00504724
7346.77   0.00875691
7352   0.00885598
7357.23   0.00509119
7362.46   0.00994562
7367.7   0.00801654
7372.94   0.00522205
7378.19   0.0108741
7383.43   0.00749947
7388.69   0.00537661
7393.94   0.0114915
7399.2   0.00723897
7404.46   0.00550704
7409.73   0.0118354
7415   0.00718827
7420.27   0.0055831
7425.55   0.0119491
7430.83   0.00733225
7436.12   0.00559579
7441.41   0.0118232
7446.7   0.0076899
7452   0.00555947
7457.3   0.0113947
7462.6   0.00831614
7467.91   0.00551142
7473.22   0.0106067
7478.54   0.00929745
7483.86   0.00551048
7489.18   0.00950109
7494.51   0.0107061
7499.84   0.00563913
7505.18   0.00825562
7510.51   0.0124031
7515.86   0.00601648
7521.2   0.00710856
7526.55   0.0135945
7531.91   0.00683194
7537.26   0.0062539
7542.62   0.012957
7547.99   0.00839401
7553.36   0.00581888
7558.73   0.0105638
7564.11   0.011018
7569.49   0.00593441
7574.87   0.00808289
7580.26   0.0138103
7585.65   0.00687095
7591.05   0.00650671
7596.45   0.0132019
7601.85   0.009206
7607.26   0.00597257
7612.67   0.0096246
7618.08   0.0131334
7623.5   0.00661109
7628.93   0.00700596
7634.35   0.0140253
7639.78   0.00910441
7645.22   0.00612611
7650.65   0.00975598
7656.1   0.0137952
7661.54   0.00700277
7666.99   0.00684332
7672.45   0.0134094
7677.9   0.0106391
7683.36   0.00634549
7688.83   0.00844621
7694.3   0.0151835
7699.77   0.00848766
7705.25   0.00642925
7710.73   0.0105999
7716.21   0.0142967
7721.7   0.00743263
7727.19   0.00688512
7732.69   0.0126971
7738.19   0.0127921
7743.7   0.00699428
7749.2   0.00745367
7754.72   0.0141892
7760.23   0.0117951
7765.75   0.0068723
7771.27   0.00791478
7776.8   0.0149793
7782.33   0.0114691
7787.87   0.00691457
7793.41   0.00811346
7798.95   0.0152037
7804.5   0.0117997
7810.05   0.00707639
7815.61   0.00800363
7821.17   0.0148373
7826.73   0.0128381
7832.3   0.00741547
7837.87   0.00766698
7843.44   0.0136773
7849.02   0.0146343
7854.6   0.00811485
7860.19   0.00729705
7865.78   0.0117541
7871.38   0.0166797
7876.98   0.00954966
7882.58   0.00716745
7888.19   0.00963305
7893.8   0.0168674
7899.41   0.0123532
7905.03   0.00765634
7910.65   0.0080307
7916.28   0.0136739
7921.91   0.0165096
7927.55   0.00944852
7933.19   0.0074196
7938.83   0.00987811
7944.48   0.0170961
7950.13   0.0137717
7955.78   0.00831913
7961.44   0.0078395
7967.1   0.011928
7972.77   0.0182569
7978.44   0.0121246
7984.12   0.00801382
7989.8   0.00835432
7995.48   0.01334
8001.17   0.0184434
8006.86   0.0116936
8012.55   0.00806931
8018.25   0.00860493
8023.96   0.0136357
8029.66   0.0188657
8035.37   0.0123179
8041.09   0.00837056
8046.81   0.00849913
8052.53   0.0127345
8058.26   0.0192602
8063.99   0.0142161
8069.73   0.00912322
8075.47   0.00826651
8081.21   0.0109903
8086.96   0.0178949
8092.71   0.0176712
8098.47   0.0109843
8104.23   0.00843213
8109.99   0.00926732
8115.76   0.0139933
8121.54   0.0201407
8127.31   0.015283
8133.09   0.00994199
8138.88   0.00854044
8144.67   0.0102177
8150.46   0.0158025
8156.26   0.0206265
8162.06   0.0148326
8167.87   0.00998058
8173.68   0.00875214
8179.49   0.0103808
8185.31   0.0156471
8191.13   0.0211655
8196.96   0.0164276
8202.79   0.0109477
8208.62   0.00902455
8214.46   0.00977815
8220.3   0.0135837
8226.15   0.0202139
8232   0.0201684
8237.86   0.0137223
8243.72   0.0100431
8249.58   0.00925058
8255.45   0.0108567
8261.32   0.0155271
8267.2   0.0217174
8273.08   0.0199445
8278.96   0.0137457
8284.85   0.0103258
8290.74   0.00950677
8296.64   0.0108327
8302.54   0.0148234
8308.45   0.0210986
8314.36   0.0222794
8320.27   0.0164643
8326.19   0.011885
8332.11   0.00998191
8338.04   0.0100785
8343.97   0.0121566
8349.91   0.0167866
8355.84   0.0226597
8361.79   0.0226617
8367.74   0.0170013
8373.69   0.0125595
8379.64   0.0105
8385.6   0.0102345
8391.57   0.0116066
8397.54   0.0150002
8403.51   0.0205091
8409.49   0.0246121
8415.47   0.0219939
8421.46   0.0165468
8427.45   0.0127485
8433.44   0.0109225
8439.44   0.010592
8445.44   0.0116035
8451.45   0.0141849
8457.46   0.0186459
8463.48   0.023887
8469.5   0.0255356
8475.52   0.0217577
8481.55   0.0168468
8487.58   0.0134363
8493.62   0.0116212
8499.66   0.0110365
8505.71   0.0114998
8511.76   0.0130674
8517.81   0.0159689
8523.87   0.0202935
8529.93   0.0249727
8536   0.0269698
8542.07   0.0245522
8548.15   0.0201401
8554.23   0.0163039
8560.31   0.0137292
8566.4   0.0122663
8572.5   0.0116799
8578.59   0.011837
8584.7   0.0127209
8590.8   0.0144111
8596.91   0.0170331
8603.03   0.0206035
8609.15   0.0246612
8615.27   0.0278652
8621.4   0.0285545
8627.53   0.0264714
8633.67   0.023013
8639.81   0.0196053
8645.95   0.016878
8652.1   0.0149166
8658.26   0.0136181
8664.42   0.0128596
8670.58   0.0125482
8676.75   0.0126277
8682.92   0.0130735
8689.1   0.0138859
8695.28   0.015082
8701.46   0.0166849
8707.65   0.0187057
8713.84   0.0211142
8720.04   0.0237987
8726.25   0.0265279
8732.45   0.028951
8738.66   0.0306776
8744.88   0.0314264
8751.1   0.031152
8757.32   0.0300455
8763.55   0.0284195
8769.79   0.0265771
8776.02   0.0247405
8782.27   0.0230406
8788.51   0.0215377
8794.77   0.0202475
8801.02   0.0191618
8807.28   0.0182612
8813.55   0.017523
8819.81   0.0169245
8826.09   0.0164447
8832.37   0.0160654
8838.65   0.0157705
8844.94   0.0155464
8851.23   0.0153816
8857.52   0.0152661
8863.82   0.0151917
8870.13   0.0151516
8876.44   0.0151401
8882.75   0.0151528
8889.07   0.0151864
8895.39   0.0152386
8901.72   0.0153082
8908.05   0.0153953
8914.39   0.0155008
8920.73   0.0156269
8927.07   0.0157771
8933.42   0.015956
8939.78   0.0161697
8946.14   0.0164259
8952.5   0.0167339
8958.87   0.017105
8965.24   0.0175529
8971.62   0.0180938
8978   0.018747
8984.39   0.0195355
8990.78   0.0204857
8997.17   0.021628
9003.57   0.0229951
9009.98   0.0246196
9016.38   0.0265271
9022.8   0.0287237
9029.21   0.0311743
9035.64   0.0337701
9042.06   0.0362923
9048.5   0.0383952
9054.93   0.0396513
9061.37   0.0396891
9067.82   0.038378
9074.27   0.0359233
9080.72   0.032778
9087.18   0.0294426
9093.65   0.0263048
9100.11   0.0235913
9106.59   0.0213974
9113.07   0.0197418
9119.55   0.018612
9126.03   0.0179956
9132.53   0.0178998
9139.02   0.0183658
9145.52   0.0194819
9152.03   0.0213947
9158.54   0.0243082
9165.05   0.0284279
9171.57   0.0337393
9178.09   0.0394708
9184.62   0.0435341
9191.16   0.0434656
9197.69   0.0391527
9204.24   0.0330771
9210.78   0.0275465
9217.33   0.0234587
9223.89   0.0208648
9230.45   0.0196023
9237.02   0.0195784
9243.59   0.0208704
9250.16   0.0237712
9256.74   0.0287568
9263.33   0.0360485
9269.92   0.0439708
9276.51   0.047284
9283.11   0.0425815
9289.71   0.0342693
9296.32   0.0273032
9302.93   0.0229604
9309.55   0.0209645
9316.17   0.0210281
9322.8   0.0232794
9329.43   0.0283456
9336.06   0.0369119
9342.71   0.0469108
9349.35   0.0496403
9356   0.0414915
9362.66   0.0315624
9369.31   0.0251245
9375.98   0.0222416
9382.65   0.0223432
9389.32   0.025607
9396   0.0330788
9402.68   0.0448942
9409.37   0.0527528
9416.07   0.0455692
9422.76   0.0335712
9429.47   0.0260198
9436.17   0.0231475
9442.88   0.0242073
9449.6   0.0297898
9456.32   0.0413665
9463.05   0.0541045
9469.78   0.0503251
9476.52   0.0363293
9483.26   0.0272652
9490   0.0241584
9496.75   0.026041
9503.51   0.0339657
9510.27   0.0490254
9517.03   0.0573325
9523.8   0.0441361
9530.58   0.0309824
9537.35   0.0255533
9544.14   0.0263934
9550.93   0.0341923
9557.72   0.0506417
9564.52   0.0593817
9571.32   0.0437548
9578.13   0.030504
9584.94   0.0262185
9591.76   0.029313
9598.58   0.0417086
9605.41   0.0603784
9612.24   0.0540522
9619.08   0.0357688
9625.92   0.0278068
9632.77   0.0288348
9639.62   0.0398263
9646.48   0.0606331
9653.34   0.05759
9660.21   0.0373678
9667.08   0.0287224
9673.95   0.0304597
9680.83   0.0440774
9687.72   0.0656526
9694.61   0.0537998
9701.51   0.0346219
9708.41   0.0292273
9715.31   0.035491
9722.22   0.0567
9729.14   0.0666425
9736.06   0.0428333
9742.99   0.0310012
9749.92   0.0328845
9756.85   0.0502403
9763.79   0.0712815
9770.74   0.0493039
9777.69   0.0330585
9784.64   0.0329196
9791.6   0.0493664
9798.57   0.0734979
9805.54   0.0512065
9812.51   0.0339262
9819.49   0.0345017
9826.47   0.0539496
9833.46   0.0752877
9840.46   0.0479427
9847.46   0.0337437
9854.46   0.0384886
9861.47   0.0652601
9868.49   0.0707187
9875.51   0.0414959
9882.53   0.034489
9889.56   0.048426
9896.59   0.0796076
9903.63   0.0556791
9910.68   0.036328
9917.73   0.0404135
9924.78   0.0704949
9931.84   0.0713475
9938.91   0.0411757
9945.98   0.0377973
9953.05   0.0609767
9960.13   0.0819267
9967.21   0.0468668
9974.3   0.037679
9981.4   0.0561562
9988.5   0.0868055
9995.6   0.0513164
10002.7   0.0385087
10009.8   0.0554625
10016.9   0.0894229
10024.1   0.0530497
10031.2   0.0396121
10038.3   0.0585135
10045.5   0.091069
10052.6   0.0517052
10059.8   0.0411486
10066.9   0.0661257
10074.1   0.0889668
10081.3   0.0482292
10088.4   0.0442602
10095.6   0.0798655
10102.8   0.0790145
10110   0.0447248
10117.2   0.051532
10124.4   0.096682
10131.6   0.0634861
10138.8   0.044006
10146   0.0680403
10153.2   0.0959298
10160.4   0.0506472
10167.6   0.0501205
10174.9   0.0965819
10182.1   0.0708324
10189.4   0.0462799
10196.6   0.0714588
10203.9   0.0988237
10211.1   0.0515615
10218.4   0.0557636
10225.6   0.107585
10232.9   0.0646556
10240.2   0.049933
10247.5   0.0924076
10254.8   0.0840118
10262.1   0.0499924
10269.4   0.0759279
10276.7   0.103759
10284   0.0536996
10291.3   0.065658
10298.6   0.115885
10305.9   0.0595937
10313.3   0.0603827
10320.6   0.118886
10327.9   0.0662981
10335.3   0.0582082
10342.6   0.117616
10350   0.0724124
10357.4   0.0578691
10364.7   0.116668
10372.1   0.0767418
10379.5   0.0586619
10386.9   0.11825
10394.3   0.0785408
10401.6   0.0603471
10409   0.122958
10416.4   0.0776331
10423.9   0.0631476
10431.3   0.130039
10438.7   0.0744771
10446.1   0.0678338
10453.5   0.13639
10461   0.0701731
10468.4   0.0759234
10475.9   0.135711
10483.3   0.0663122
10490.8   0.0899687
10498.2   0.122792
10505.7   0.0647839
10513.2   0.112983
10520.7   0.101677
10528.1   0.0679677
10535.6   0.141362
10543.1   0.0824474
10550.6   0.0797899
10558.1   0.148025
10565.6   0.0715158
10573.2   0.1072
10580.7   0.117702
10588.2   0.071815
10595.7   0.149341
10603.3   0.0866653
10610.8   0.08893
10618.4   0.149895
10625.9   0.0743179
10633.5   0.133965
10641   0.103883
10648.6   0.0842096
10656.2   0.165749
10663.8   0.0792696
10671.3   0.129438
10678.9   0.114279
10686.5   0.0862953
10694.1   0.173125
10701.7   0.0826044
10709.3   0.139087
10717   0.113478
10724.6   0.0941199
10732.2   0.173136
10739.9   0.0845237
10747.5   0.164398
10755.1   0.103473
10762.8   0.112908
10770.4   0.153636
10778.1   0.0904865
10785.8   0.192556
10793.4   0.0932055
10801.1   0.155564
10808.8   0.119199
10816.5   0.113696
10824.2   0.168692
10831.9   0.0963176
10839.6   0.204151
10847.3   0.097788
10855   0.178615
10862.7   0.115853
10870.5   0.137433
10878.2   0.151481
10885.9   0.112689
10893.7   0.196646
10901.4   0.10352
10909.2   0.220106
10916.9   0.105824
10924.7   0.203342
10932.5   0.117838
10940.2   0.171058
10948   0.139112
10955.8   0.144768
10963.6   0.168445
10971.4   0.128394
10979.2   0.201366
10987   0.119987
10994.8   0.229524
11002.7   0.117267
11010.5   0.245276
11018.3   0.118553
11026.2   0.247617
11034   0.12262
11041.8   0.241479
11049.7   0.128479
11057.6   0.232613
11065.4   0.135247
11073.3   0.224727
11081.2   0.142112
11089.1   0.219536
11096.9   0.148357
11104.8   0.217658
11112.7   0.153407
11120.6   0.219287
11128.5   0.15689
11136.5   0.224549
11144.4   0.158667
11152.3   0.233616
11160.2   0.15886
11168.2   0.246649
11176.1   0.157859
11184.1   0.263497
11192   0.15632
11200   0.283025
11208   0.155143
11215.9   0.302018
11223.9   0.155464
11231.9   0.314311
11239.9   0.158709
11247.9   0.31235
11255.9   0.166734
11263.9   0.292707
11271.9   0.182108
11279.9   0.260648
11287.9   0.208374
11296   0.226704
11304   0.249331
11312   0.199618
11320.1   0.30355
11328.1   0.184027
11336.2   0.349175
11344.3   0.18264
11352.3   0.345161
11360.4   0.199349
11368.5   0.2923
11376.6   0.241298
11384.7   0.236829
11392.8   0.313141
11400.9   0.205238
11409   0.37927
11417.1   0.203043
11425.2   0.355855
11433.3   0.236177
11441.5   0.276965
11449.6   0.315214
11457.8   0.225698
11465.9   0.40235
11474.1   0.220491
11482.2   0.367163
11490.4   0.26893
11498.6   0.273918
11506.7   0.377142
11514.9   0.232946
11523.1   0.422574
11531.3   0.258942
11539.5   0.318858
11547.7   0.364662
11555.9   0.251243
11564.2   0.448476
11572.4   0.268635
11580.6   0.340992
11588.9   0.383615
11597.1   0.264592
11605.3   0.463042
11613.6   0.294049
11621.9   0.335556
11630.1   0.435514
11638.4   0.275798
11646.7   0.450408
11655   0.347131
11663.3   0.3131
11671.5   0.499314
11679.8   0.30412
11688.2   0.39171
11696.5   0.449336
11704.8   0.303437
11713.1   0.480736
11721.4   0.389107
11729.8   0.331231
11738.1   0.532944
11746.5   0.355014
11754.8   0.376363
11763.2   0.536583
11771.6   0.343809
11779.9   0.427312
11788.3   0.518913
11796.7   0.346896
11805.1   0.473341
11813.5   0.503411
11821.9   0.357381
11830.3   0.508135
11838.7   0.498774
11847.1   0.370521
11855.6   0.530292
11864   0.506584
11872.4   0.383741
11880.9   0.540397
11889.3   0.526674
11897.8   0.396783
11906.2   0.538629
11914.7   0.558273
11923.2   0.411837
11931.7   0.525199
11940.2   0.597948
11948.7   0.433578
11957.2   0.502912
11965.7   0.634715
11974.2   0.468933
11982.7   0.479257
11991.2   0.647365
11999.7   0.525274
12008.3   0.465852
12016.8   0.618699
12025.4   0.601849
12033.9   0.47645
12042.5   0.561917
12051   0.667475
12059.6   0.524947
12068.2   0.515031
12076.8   0.662441
12085.4   0.613755
12094   0.511554
12102.6   0.592457
12111.2   0.689361
12119.8   0.570872
12128.4   0.540003
12137   0.659374
12145.7   0.672449
12154.3   0.561502
12163   0.580985
12171.6   0.695073
12180.3   0.65801
12188.9   0.572341
12197.6   0.615172
12206.3   0.709335
12215   0.658785
12223.6   0.591077
12232.3   0.635772
12241   0.714658
12249.7   0.672645
12258.5   0.61253
12267.2   0.64451
12275.9   0.714146
12284.6   0.694128
12293.4   0.637592
12302.1   0.647541
12310.9   0.705409
12319.6   0.714369
12328.4   0.668937
12337.2   0.654428
12345.9   0.689657
12354.7   0.720131
12363.5   0.702395
12372.3   0.675078
12381.1   0.679213
12389.9   0.705593
12398.7   0.718758
12407.5   0.706776
12416.4   0.691539
12425.2   0.691215
12434   0.704527
12442.9   0.718636
12451.7   0.720489
12460.6   0.708016
12469.4   0.694089
12478.3   0.695231
12487.2   0.714723
12496.1   0.733922
12505   0.727455
12513.9   0.699587
12522.8   0.68227
12531.7   0.696716
12540.6   0.732597
12549.5   0.749849
12558.4   0.722704
12567.4   0.681012
12576.3   0.667828
12585.2   0.697088
12594.2   0.745885
12603.2   0.761059
12612.1   0.719794
12621.1   0.666412
12630.1   0.648005
12639.1   0.678232
12648   0.73805
12657   0.772692
12666   0.739435
12675.1   0.672262
12684.1   0.628391
12693.1   0.632886
12702.1   0.684057
12711.2   0.752218
12720.2   0.777014
12729.2   0.728709
12738.3   0.65333
12747.4   0.60382
12756.4   0.600177
12765.5   0.642771
12774.6   0.715411
12783.7   0.772762
12792.8   0.762296
12801.9   0.691712
12811   0.615652
12820.1   0.570296
12829.2   0.565573
12838.3   0.600856
12847.5   0.66783
12856.6   0.740003
12865.7   0.770802
12874.9   0.733919
12884   0.657242
12893.2   0.584442
12902.4   0.53798
12911.6   0.522924
12920.7   0.538553
12929.9   0.582367
12939.1   0.647128
12948.3   0.713952
12957.5   0.751728
12966.8   0.737537
12976   0.680128
12985.2   0.608674
12994.4   0.546341
13003.7   0.502702
13012.9   0.479235
13022.2   0.474761
13031.5   0.487807
13040.7   0.516931
13050   0.559844
13059.3   0.611756
13068.6   0.663748
13077.9   0.703195
13087.2   0.718306
13096.5   0.704809
13105.8   0.668324
13115.1   0.61988
13124.5   0.569696
13133.8   0.524195
13143.1   0.486221
13152.5   0.456362
13161.8   0.434112
13171.2   0.418567
13180.6   0.408759
13189.9   0.403788
13199.3   0.402853
13208.7   0.405245
13218.1   0.410318
13227.5   0.417474
13236.9   0.426143
13246.3   0.435779
13255.8   0.445863
13265.2   0.455905
13274.6   0.465461
13284.1   0.474144
13293.5   0.481626
13303   0.487652
13312.4   0.492028
13321.9   0.494619
13331.4   0.495338
13340.9   0.494136
13350.3   0.49099
13359.8   0.485904
13369.3   0.478904
13378.9   0.470047
13388.4   0.459428
13397.9   0.447191
13407.4   0.433542
13417   0.418754
13426.5   0.403164
13436.1   0.387172
13445.6   0.371221
13455.2   0.355782
13464.7   0.341335
13474.3   0.328355
13483.9   0.317309
13493.5   0.308659
13503.1   0.302881
13512.7   0.300492
13522.3   0.302092
13531.9   0.308407
13541.6   0.320326
13551.2   0.338893
13560.8   0.365163
13570.5   0.399735
13580.1   0.44161
13589.8   0.48611
13599.4   0.522719
13609.1   0.536576
13618.8   0.517513
13628.5   0.470017
13638.2   0.410293
13647.9   0.353944
13657.6   0.309317
13667.3   0.278852
13677   0.262527
13686.8   0.26024
13696.5   0.273009
13706.2   0.303334
13716   0.353959
13725.7   0.421553
13735.5   0.481795
13745.3   0.488702
13755.1   0.430006
13764.8   0.350016
13774.6   0.286742
13784.4   0.249618
13794.2   0.237171
13804   0.248859
13813.9   0.288307
13823.7   0.359407
13833.5   0.441842
13843.4   0.460002
13853.2   0.384496
13863.1   0.295684
13872.9   0.240791
13882.8   0.22154
13892.7   0.235353
13902.5   0.28739
13912.4   0.378735
13922.3   0.443629
13932.2   0.383202
13942.1   0.282618
13952.1   0.223817
13962   0.20965
13971.9   0.237718
13981.9   0.316602
13991.8   0.41496
14001.8   0.387385
14011.7   0.277176
14021.7   0.212304
14031.6   0.200873
14041.6   0.24074
14051.6   0.340427
14061.6   0.408516
14071.6   0.31177
14081.6   0.218788
14091.6   0.190751
14101.7   0.220664
14111.7   0.318951
14121.7   0.394845
14131.8   0.290235
14141.8   0.201804
14151.9   0.185294
14162   0.236071
14172   0.355307
14182.1   0.346904
14192.2   0.224615
14202.3   0.17776
14212.4   0.204186
14222.5   0.313836
14232.6   0.357476
14242.7   0.229623
14252.9   0.172875
14263   0.197207
14273.2   0.311469
14283.3   0.337274
14293.5   0.2081
14303.6   0.166398
14313.8   0.212563
14324   0.341504
14334.2   0.278092
14344.4   0.174514
14354.6   0.171444
14364.8   0.269897
14375   0.330975
14385.2   0.196701
14395.5   0.158205
14405.7   0.2224
14416   0.339173
14426.2   0.215051
14436.5   0.153959
14446.7   0.201676
14457   0.330946
14467.3   0.217519
14477.6   0.150551
14487.9   0.199243
14498.2   0.325757
14508.5   0.201476
14518.8   0.147102
14529.1   0.215259
14539.5   0.312203
14549.8   0.173498
14560.2   0.149242
14570.5   0.256795
14580.9   0.261751
14591.3   0.147569
14601.6   0.170144
14612   0.306344
14622.4   0.188078
14632.8   0.139844
14643.2   0.234304
14653.6   0.25678
14664.1   0.140908
14674.5   0.17309
14684.9   0.29821
14695.4   0.160161
14705.8   0.144104
14716.3   0.276985
14726.8   0.189254
14737.2   0.13274
14747.7   0.236652
14758.2   0.218143
14768.7   0.129399
14779.2   0.20695
14789.7   0.237794
14800.3   0.128683
14810.8   0.190855
14821.3   0.244995
14831.9   0.127596
14842.4   0.18598
14853   0.240427
14863.5   0.125117
14874.1   0.191459
14884.7   0.224316
14895.3   0.12213
14905.9   0.208541
14916.5   0.197197
14927.1   0.121276
14937.7   0.237521
14948.3   0.164265
14959   0.12706
14969.6   0.263851
14980.2   0.134991
14990.9   0.147157
15001.6   0.244886
15012.2   0.11762
15022.9   0.193643
15033.6   0.180292
15044.3   0.118629
15055   0.253095
15065.7   0.128832
15076.4   0.150671
15087.1   0.21592
15097.9   0.112128
15108.6   0.229005
15119.4   0.136364
15130.1   0.137928
15140.9   0.220642
15151.6   0.109697
15162.4   0.227097
15173.2   0.12901
15184   0.144411
15194.8   0.195916
15205.6   0.109725
15216.4   0.241906
15227.2   0.1125
15238.1   0.178403
15248.9   0.147208
15259.8   0.124743
15270.6   0.209548
15281.5   0.105385
15292.3   0.23516
15303.2   0.108112
15314.1   0.187497
15325   0.12892
15335.9   0.139073
15346.8   0.166898
15357.7   0.112758
15368.6   0.21045
15379.6   0.102032
15390.5   0.229677
15401.5   0.101024
15412.4   0.212557
15423.4   0.106591
15434.4   0.181363
15445.3   0.116788
15456.3   0.154271
15467.3   0.129808
15478.3   0.1352
15489.3   0.143569
15500.3   0.122747
15511.4   0.15591
15522.4   0.114928
15533.4   0.165106
15544.5   0.11027
15555.5   0.170205
15566.6   0.107872
15577.7   0.170902
15588.8   0.107317
15599.9   0.167203
15611   0.108611
15622.1   0.159276
15633.2   0.11218
15644.3   0.147653
15655.4   0.118913
15666.6   0.133525
15677.7   0.130226
15688.8   0.118751
15700   0.147896
15711.2   0.105421
15722.3   0.172602
15733.5   0.0953792
15744.7   0.198419
15755.9   0.0901493
15767.1   0.205457
15778.3   0.0914677
15789.6   0.178086
15800.8   0.102387
15812   0.136104
15823.3   0.128566
15834.5   0.104392
15845.8   0.173373
15857.1   0.08901
15868.4   0.201212
15879.6   0.0899227
15890.9   0.159356
15902.2   0.112005
15913.6   0.10893
15924.9   0.164805
15936.2   0.0870124
15947.5   0.195158
15958.9   0.0920683
15970.2   0.1338
15981.6   0.132947
15993   0.090892
16004.3   0.194419
16015.7   0.0871905
16027.1   0.141257
16038.5   0.127064
16049.9   0.089617
16061.3   0.192803
16072.8   0.0884173
16084.2   0.125511
16095.6   0.14438
16107.1   0.0835069
16118.5   0.178438
16130   0.101272
16141.5   0.0974184
16153   0.183414
16164.4   0.0845035
16175.9   0.1243
16187.4   0.148195
16199   0.0808874
16210.5   0.154406
16222   0.119934
16233.6   0.0830801
16245.1   0.17467
16256.7   0.104499
16268.2   0.0867639
16279.8   0.181994
16291.4   0.0973555
16303   0.0889597
16314.6   0.18255
16326.2   0.0955571
16337.8   0.0881073
16349.4   0.180295
16361   0.0984729
16372.7   0.0844034
16384.3   0.172466
16396   0.10766
16407.6   0.0797194
16419.3   0.152888
16431   0.126872
16442.7   0.0771636
16454.4   0.122845
16466.1   0.158216
16477.8   0.0811083
16489.5   0.094513
16501.2   0.177497
16513   0.0992036
16524.7   0.0781023
16536.5   0.140155
16548.2   0.143498
16560   0.0786535
16571.8   0.0929191
16583.6   0.173359
16595.4   0.107585
16607.2   0.0751402
16619   0.112737
16630.8   0.170347
16642.6   0.0922827
16654.5   0.0762221
16666.3   0.125184
16678.2   0.162071
16690   0.0880685
16701.9   0.0762259
16713.8   0.123867
16725.7   0.164177
16737.6   0.0915796
16749.5   0.0741592
16761.4   0.109207
16773.3   0.170872
16785.2   0.106328
16797.2   0.0736516
16809.1   0.0884053
16821.1   0.15336
16833   0.141258
16845   0.0832579
16857   0.073824
16869   0.105988
16881   0.167381
16893   0.121506
16905   0.0777562
16917   0.0748551
16929.1   0.109049
16941.1   0.166232
16953.2   0.125217
16965.2   0.0802742
16977.3   0.0722185
16989.4   0.0944443
17001.4   0.150103
17013.5   0.151767
17025.6   0.0967049
17037.8   0.0727285
17049.9   0.0754128
17062   0.105028
17074.1   0.157096
17086.3   0.146712
17098.4   0.0968295
17110.6   0.0734159
17122.8   0.0722698
17134.9   0.0914922
17147.1   0.134782
17159.3   0.163532
17171.5   0.126234
17183.8   0.0879129
17196   0.0716601
17208.2   0.0716895
17220.4   0.0869691
17232.7   0.120711
17245   0.158622
17257.2   0.150373
17269.5   0.111063
17281.8   0.083352
17294.1   0.0710828
17306.4   0.0700906
17318.7   0.0792073
17331   0.100055
17343.3   0.132342
17355.7   0.15928
17368   0.152273
17380.4   0.12186
17392.7   0.0949093
17405.1   0.0783907
17417.5   0.0703949
17429.9   0.0687845
17442.3   0.0726436
17454.7   0.0820678
17467.1   0.0976139
17479.5   0.118978
17491.9   0.142225
17504.4   0.157886
17516.8   0.157229
17529.3   0.142382
17541.8   0.122715
17554.2   0.104971
17566.7   0.0913056
17579.2   0.0815724
17591.7   0.0750143
17604.2   0.0708978
17616.8   0.0686556
17629.3   0.0678746
17641.8   0.0682532
17654.4   0.0695604
17666.9   0.0716058
17679.5   0.0742178
17692.1   0.0772301
17704.7   0.0804758
17717.3   0.0837866
17729.9   0.0869964
17742.5   0.0899485
17755.1   0.0925026
17767.7   0.094541
17780.4   0.0959729
17793   0.0967364
17805.7   0.0967986
17818.3   0.0961558
17831   0.0948331
17843.7   0.092885
17856.4   0.0903947
17869.1   0.0874735
17881.8   0.0842568
17894.5   0.0808981
17907.2   0.0775624
17920   0.0744188
17932.7   0.0716354
17945.5   0.0693788
17958.2   0.0678188
17971   0.0671401
17983.8   0.0675621
17996.6   0.0693674
18009.4   0.0729412
18022.2   0.0788166
18035   0.0876992
18047.8   0.100375
18060.7   0.117204
18073.5   0.136633
18086.4   0.152758
18099.3   0.156011
18112.1   0.142408
18125   0.119624
18137.9   0.0977877
18150.8   0.0815964
18163.7   0.0716111
18176.6   0.0672688
18189.6   0.0683996
18202.5   0.0758452
18215.5   0.0917122
18228.4   0.118024
18241.4   0.148044
18254.3   0.15464
18267.3   0.127469
18280.3   0.0957883
18293.3   0.0758462
18306.3   0.0675758
18319.4   0.0694533
18332.4   0.0830083
18345.4   0.112532
18358.5   0.150177
18371.5   0.148174
18384.6   0.108156
18397.7   0.0788694
18410.8   0.0676352
18423.9   0.0714024
18437   0.0930704
18450.1   0.136197
18463.2   0.154514
18476.3   0.111434
18489.5   0.0775627
18502.6   0.0673321
18515.8   0.0770833
18529   0.11309
18542.1   0.156974
18555.3   0.123348
18568.5   0.080468
18581.7   0.0674979
18595   0.0796358
18608.2   0.124539
18621.4   0.155455
18634.7   0.102151
18647.9   0.0708272
18661.2   0.0717181
18674.5   0.107149
18687.7   0.158277
18701   0.109981
18714.3   0.0718937
18727.7   0.072217
18741   0.113036
18754.3   0.157234
18767.6   0.0969367
18781   0.0686158
18794.4   0.0820215
18807.7   0.143614
18821.1   0.129638
18834.5   0.0753931
18847.9   0.0722443
18861.3   0.120801
18874.7   0.148451
18888.1   0.0819935
18901.6   0.0701487
18915   0.113769
18928.5   0.151681
18941.9   0.0820704
18955.4   0.0711321
18968.9   0.122316
18982.4   0.141545
18995.9   0.0757214
19009.4   0.0769336
19022.9   0.146815
19036.4   0.113712
19050   0.0695489
19063.5   0.09698
19077.1   0.159012
19090.7   0.0823692
19104.2   0.0747614
19117.8   0.146662
19131.4   0.109087
19145   0.0696584
19158.7   0.114631
19172.3   0.138758
19185.9   0.0719936
19199.6   0.0953967
19213.2   0.156965
19226.9   0.07658
19240.6   0.086704
19254.3   0.162794
19267.9   0.0798368
19281.7   0.0842723
19295.4   0.163835
19309.1   0.0797765
19322.8   0.0866134
19336.6   0.162162
19350.3   0.0765789
19364.1   0.094961
19377.9   0.151551
19391.6   0.07257
19405.4   0.113485
19419.2   0.126445
19433.1   0.0717076
19446.9   0.146059
19460.7   0.0962949
19474.6   0.0800697
19488.4   0.166402
19502.3   0.0761596
19516.1   0.10968
19530   0.125003
19543.9   0.0737014
19557.8   0.163544
19571.7   0.0822162
19585.7   0.101131
19599.6   0.132332
19613.5   0.0741244
19627.5   0.166904
19641.4   0.0793874
19655.4   0.11434
19669.4   0.113411
19683.4   0.0808879
19697.4   0.163908
19711.4   0.0737191
19725.4   0.156927
19739.4   0.0837885
19753.5   0.113701
19767.5   0.110005
19781.6   0.0871175
19795.7   0.147587
19809.7   0.0763817
19823.8   0.172378
19837.9   0.0750322
19852   0.164802
19866.2   0.079614
19880.3   0.141766
19894.4   0.0880937
19908.6   0.121405
19922.8   0.0986245
19936.9   0.107761
19951.1   0.109165
19965.3   0.0996523
19979.5   0.117754
19993.7   0.0954759
20007.9   0.122961
20022.2   0.0942127
20036.4   0.124058
20050.7   0.0954935
20064.9   0.120914
20079.2   0.0995752
20093.5   0.113982
20107.8   0.107379
20122.1   0.104432
20136.4   0.120515
20150.7   0.094127
20165   0.14071
20179.4   0.0852214
20193.7   0.166267
20208.1   0.0797736
20222.5   0.18251
20236.9   0.079925
20251.2   0.166212
20265.7   0.0889898
20280.1   0.127426
20294.5   0.11338
20308.9   0.0959073
20323.4   0.158787
20337.8   0.0814926
20352.3   0.184776
20366.8   0.0853409
20381.3   0.137115
20395.8   0.115698
20410.3   0.0932952
20424.8   0.177462
20439.3   0.082062
20453.8   0.162035
20468.4   0.105441
20483   0.0993831
20497.5   0.176069
20512.1   0.0832246
20526.7   0.155648
20541.3   0.116741
20555.9   0.0918045
20570.5   0.192512
20585.2   0.0902489
20599.8   0.119991
20614.5   0.161856
20629.1   0.0846784
20643.8   0.156874
20658.5   0.129161
20673.2   0.0879388
20687.9   0.184026
20702.6   0.112491
20717.3   0.0934741
20732.1   0.195194
20746.8   0.106473
20761.6   0.0969058
20776.3   0.198142
20791.1   0.107547
20805.9   0.0962177
20820.7   0.196103
20835.5   0.115994
20850.3   0.0924218
20865.2   0.181986
20880   0.136105
20894.8   0.0893598
20909.7   0.150468
20924.6   0.173897
20939.5   0.0933519
20954.4   0.11495
20969.3   0.207156
20984.2   0.115711
20999.1   0.0937181
21014   0.165503
21029   0.175535
21043.9   0.0972378
21058.9   0.10798
21073.9   0.201136
21088.9   0.147479
21103.9   0.0941345
21118.9   0.119687
21133.9   0.211187
21149   0.142548
21164   0.0952242
21179   0.118878
21194.1   0.208665
21209.2   0.158995
21224.3   0.0999042
21239.4   0.107273
21254.5   0.181566
21269.6   0.200476
21284.7   0.118386
21299.9   0.0977951
21315   0.131409
21330.2   0.214935
21345.4   0.177377
21360.5   0.111472
21375.7   0.100651
21390.9   0.13672
21406.1   0.216195
21421.4   0.191975
21436.6   0.122405
21451.9   0.101163
21467.1   0.118462
21482.4   0.179988
21497.7   0.230971
21513   0.169603
21528.3   0.117177
21543.6   0.103492
21558.9   0.120178
21574.2   0.172174
21589.6   0.233649
21604.9   0.204974
21620.3   0.143202
21635.7   0.112037
21651.1   0.107104
21666.5   0.124467
21681.9   0.167843
21697.3   0.22688
21712.7   0.237128
21728.2   0.186397
21743.6   0.140184
21759.1   0.116337
21774.6   0.109935
21790.1   0.11769
21805.6   0.140157
21821.1   0.178822
21836.6   0.226016
21852.1   0.251983
21867.7   0.2338
21883.2   0.193543
21898.8   0.158057
21914.4   0.134486
21930   0.12125
21945.6   0.115853
21961.2   0.116647
21976.8   0.122806
21992.4   0.134018
22008.1   0.150122
22023.7   0.170691
22039.4   0.194531
22055.1   0.219307
22070.8   0.241707
22086.4   0.258444
22102.2   0.267642
22117.9   0.269535
22133.6   0.265967
22149.4   0.259299
22165.1   0.251571
22180.9   0.244196
22196.7   0.238013
22212.4   0.233461
22228.2   0.230745
22244.1   0.229954
22259.9   0.231128
22275.7   0.23429
22291.6   0.239441
22307.4   0.246525
22323.3   0.255346
22339.2   0.265433
22355   0.27585
22370.9   0.285
22386.9   0.290585
22402.8   0.289993
22418.7   0.281264
22434.7   0.264281
22450.6   0.241212
22466.6   0.215663
22482.6   0.191186
22498.6   0.170281
22514.6   0.15428
22530.6   0.143771
22546.6   0.139143
22562.6   0.141069
22578.7   0.150939
22594.8   0.171226
22610.8   0.205221
22626.9   0.253432
22643   0.301247
22659.1   0.311338
22675.2   0.269862
22691.4   0.21382
22707.5   0.172671
22723.7   0.151591
22739.8   0.149184
22756   0.166936
22772.2   0.211365
22788.4   0.283373
22804.6   0.329032
22820.8   0.279095
22837   0.20506
22853.3   0.163716
22869.5   0.155958
22885.8   0.181938
22902.1   0.252228
22918.4   0.336197
22934.7   0.29843
22951   0.207794
22967.3   0.164821
22983.6   0.169471
23000   0.227789
23016.4   0.334022
23032.7   0.315637
23049.1   0.210487
23065.5   0.167902
23081.9   0.188161
23098.3   0.283941
23114.8   0.359498
23131.2   0.246293
23147.7   0.177065
23164.1   0.188722
23180.6   0.291358
23197.1   0.36406
23213.6   0.233795
23230.1   0.177965
23246.6   0.219536
23263.2   0.360793
23279.7   0.306459
23296.3   0.193929
23312.8   0.199361
23329.4   0.330116
23346   0.34625
23362.6   0.206767
23379.2   0.200926
23395.9   0.337842
23412.5   0.343908
23429.2   0.204531
23445.8   0.219123
23462.5   0.386083
23479.2   0.296836
23495.9   0.19798
23512.6   0.275791
23529.3   0.407697
23546.1   0.230729
23562.8   0.221003
23579.6   0.401645
23596.3   0.292793
23613.1   0.208472
23629.9   0.345641
23646.7   0.355327
23663.6   0.213102
23680.4   0.311924
23697.2   0.394584
23714.1   0.220957
23731   0.304996
23747.8   0.407446
23764.7   0.225267
23781.6   0.322266
23798.5   0.394309
23815.5   0.226789
23832.4   0.368105
23849.4   0.351663
23866.3   0.234519
23883.3   0.442006
23900.3   0.292373
23917.3   0.26753
23934.3   0.47508
23951.3   0.248955
23968.4   0.360747
23985.4   0.37331
24002.5   0.253784
24019.5   0.492932
24036.6   0.269415
24053.7   0.356552
24070.8   0.388035
24088   0.26774
24105.1   0.510526
24122.2   0.265867
24139.4   0.434244
24156.6   0.32986
24173.8   0.326935
24190.9   0.444092
24208.2   0.279559
24225.4   0.530617
24242.6   0.275866
24259.8   0.511285
24277.1   0.300754
24294.4   0.441991
24311.7   0.344626
24328.9   0.384618
24346.3   0.397323
24363.6   0.350059
24380.9   0.447358
24398.2   0.332741
24415.6   0.485981
24433   0.326617
24450.3   0.509986
24467.7   0.327913
24485.1   0.519601
24502.6   0.335235
24520   0.514828
24537.4   0.349551
24554.9   0.494581
24572.3   0.374372
24589.8   0.459516
24607.3   0.415922
24624.8   0.415688
24642.3   0.481655
24659.9   0.374429
24677.4   0.569384
24695   0.348569
24712.5   0.633987
24730.1   0.35096
24747.7   0.593588
24765.3   0.398902
24782.9   0.475904
24800.5   0.515223
24818.2   0.387219
24835.8   0.65392
24853.5   0.373279
24871.2   0.595491
24888.9   0.460442
24906.6   0.437158
24924.3   0.648262
24942   0.387806
24959.8   0.619008
24977.5   0.492773
24995.3   0.434726
25013.1   0.698825
25030.8   0.420807
25048.6   0.543456
25066.5   0.625587
25084.3   0.416253
25102.1   0.649828
25120   0.556181
25137.9   0.438795
25155.7   0.710506
25173.6   0.52823
25191.5   0.462427
25209.5   0.735216
25227.4   0.533359
25245.3   0.473714
25263.3   0.739561
25281.3   0.568893
25299.2   0.47333
25317.2   0.713117
25335.2   0.642543
25353.3   0.476751
25371.3   0.640239
25389.3   0.749297
25407.4   0.514632
25425.5   0.549465
25443.6   0.790158
25461.7   0.631885
25479.8   0.508127
25497.9   0.65829
25516   0.803051
25534.2   0.586761
25552.3   0.536379
25570.5   0.719872
25588.7   0.802671
25606.9   0.597419
25625.1   0.554449
25643.4   0.717797
25661.6   0.835702
25679.8   0.655425
25698.1   0.565211
25716.4   0.660007
25734.7   0.841842
25753   0.779177
25771.3   0.619875
25789.6   0.599165
25808   0.724162
25826.3   0.868159
25844.7   0.792049
25863.1   0.651474
25881.5   0.61836
25899.9   0.703744
25918.3   0.847832
25936.8   0.8738
25955.2   0.755644
25973.7   0.660642
25992.1   0.653426
26010.6   0.730017
26029.1   0.847858
26047.6   0.902022
26066.2   0.838916
26084.7   0.742524
26103.3   0.68746
26121.8   0.690613
26140.4   0.745548
26159   0.830396
26177.6   0.900774
26196.2   0.911959
26214.9   0.865609
26233.5   0.801459
26252.2   0.75212
26270.9   0.729782
26289.5   0.734768
26308.2   0.762456
26327   0.805246
26345.7   0.852843
26364.4   0.89378
26383.2   0.91904
26401.9   0.92551
26420.7   0.916253
26439.5   0.897597
26458.3   0.875798
26477.1   0.855276
26496   0.838402
26514.8   0.825997
26533.7   0.817938
26552.6   0.813617
26571.4   0.812247
26590.3   0.813029
26609.3   0.81526
26628.2   0.818369
26647.1   0.821941
26666.1   0.825711
26685   0.829554
26704   0.833466
26723   0.837544
26742   0.841965
26761   0.84696
26780.1   0.852782
26799.1   0.859653
26818.2   0.867707
26837.3   0.876897
26856.4   0.88689
26875.5   0.896966
26894.6   0.90595
26913.7   0.912269
26932.9   0.914223
26952   0.9105
26971.2   0.900834
26990.4   0.886531
27009.6   0.870532
27028.8   0.856904
27048   0.84992
27067.2   0.852988
27086.5   0.867417
27105.8   0.890839
27125   0.915623
27144.3   0.929447
27163.6   0.921345
27183   0.891296
27202.3   0.853026
27221.6   0.825747
27241   0.824301
27260.4   0.853698
27279.8   0.903009
27299.2   0.938972
27318.6   0.92419
27338   0.864282
27357.5   0.807362
27376.9   0.79488
27396.4   0.84006
27415.9   0.916315
27435.4   0.943069
27454.9   0.87448
27474.4   0.788771
27494   0.769967
27513.5   0.839141
27533.1   0.935459
27552.7   0.913805
27572.3   0.796142
27591.9   0.741979
27611.5   0.810119
27631.2   0.93219
27650.8   0.894278
27670.5   0.754436
27690.2   0.728957
27709.9   0.853891
27729.6   0.936613
27749.3   0.787678
27769   0.698537
27788.8   0.802272
27808.6   0.936199
27828.3   0.784081
27848.1   0.6791
27867.9   0.8028
27887.8   0.923916
27907.6   0.728544
27927.5   0.673164
27947.3   0.864429
27967.2   0.849748
27987.1   0.652204
28007   0.737146
28026.9   0.913252
28046.9   0.686802
28066.8   0.659665
28086.8   0.896032
28106.7   0.72609
28126.7   0.622852
28146.7   0.862226
28166.8   0.739626
28186.8   0.604558
28206.9   0.851196
28226.9   0.716486
28247   0.597987
28267.1   0.867034
28287.2   0.658397
28307.3   0.615236
28327.4   0.874148
28347.6   0.586613
28367.8   0.685817
28387.9   0.788956
28408.1   0.547758
28428.3   0.817945
28448.6   0.620845
28468.8   0.606901
28489   0.809808
28509.3   0.525616
28529.6   0.8011
28549.9   0.581115
28570.2   0.625185
28590.5   0.723527
28610.8   0.520469
28631.2   0.82286
28651.6   0.500202
28671.9   0.769198
28692.3   0.535584
28712.7   0.653623
28733.2   0.602175
28753.6   0.563512
28774.1   0.673792
28794.5   0.509244
28815   0.727315
28835.5   0.479258
28856   0.754542
28876.5   0.462706
28897.1   0.761287
28917.6   0.452879
28938.2   0.755389
28958.8   0.447168
28979.4   0.737919
29000   0.446861
