2000 
    Freq test
7000   6.73544E-8
7004.98   1.31764E-7
7009.96   8.45507E-8
7014.95   8.69963E-8
7019.94   1.28984E-7
7024.93   6.80853E-8
7029.93   1.63669E-7
7034.93   7.04014E-8
7039.93   1.16865E-7
7044.94   9.77273E-8
7049.95   7.72708E-8
7054.97   1.54096E-7
7059.98   6.72768E-8
7065.01   1.45367E-7
7070.03   8.27585E-8
7075.06   8.94594E-8
7080.09   1.34731E-7
7085.13   6.83516E-8
7090.17   1.60916E-7
7095.21   7.68481E-8
7100.26   9.92037E-8
7105.31   1.24124E-7
7110.36   6.99761E-8
7115.42   1.65984E-7
7120.48   7.56523E-8
7125.55   1.02376E-7
7130.61   1.2393E-7
7135.69   7.03571E-8
7140.76   1.65809E-7
7145.84   7.79366E-8
7150.92   9.77735E-8
7156.01   1.34306E-7
7161.1   6.96516E-8
7166.19   1.57632E-7
7171.29   8.51221E-8
7176.39   8.75156E-8
7181.5   1.55163E-7
7186.61   7.00432E-8
7191.72   1.3506E-7
7196.83   1.02021E-7
7201.95   7.65243E-8
7207.07   1.7296E-7
7212.2   7.59652E-8
7217.33   1.03754E-7
7222.46   1.36948E-7
7227.6   7.06979E-8
7232.74   1.50259E-7
7237.89   9.63541E-8
7243.04   7.94726E-8
7248.19   1.74705E-7
7253.34   7.70225E-8
7258.5   1.01999E-7
7263.67   1.46342E-7
7268.83   7.14741E-8
7274   1.37153E-7
7279.18   1.10905E-7
7284.35   7.46983E-8
7289.54   1.70015E-7
7294.72   8.91084E-8
7299.91   8.47857E-8
7305.1   1.76146E-7
7310.3   7.80995E-8
7315.5   1.0073E-7
7320.7   1.57852E-7
7325.91   7.35969E-8
7331.12   1.20744E-7
7336.33   1.35109E-7
7341.55   7.29484E-8
7346.77   1.4142E-7
7352   1.17505E-7
7357.23   7.45051E-8
7362.46   1.58748E-7
7367.7   1.0588E-7
7372.94   7.70776E-8
7378.19   1.70448E-7
7383.43   9.88739E-8
7388.69   7.97104E-8
7393.94   1.7692E-7
7399.2   9.52169E-8
7404.46   8.16567E-8
7409.73   1.79899E-7
7415   9.41383E-8
7420.27   8.24405E-8
7425.55   1.80676E-7
7430.83   9.53647E-8
7436.12   8.19257E-8
7441.41   1.79193E-7
7446.7   9.91008E-8
7452   8.03446E-8
7457.3   1.74013E-7
7462.6   1.06064E-7
7467.91   7.82708E-8
7473.22   1.63228E-7
7478.54   1.17539E-7
7483.86   7.65619E-8
7489.18   1.46335E-7
7494.51   1.35194E-7
7499.84   7.6331E-8
7505.18   1.25709E-7
7510.51   1.59481E-7
7515.86   7.90554E-8
7521.2   1.05612E-7
7526.55   1.8373E-7
7531.91   8.69703E-8
7537.26   8.97165E-8
7542.62   1.87521E-7
7547.99   1.0386E-7
7553.36   8.00541E-8
7558.73   1.58609E-7
7564.11   1.35224E-7
7569.49   7.79724E-8
7574.87   1.19394E-7
7580.26   1.78296E-7
7585.65   8.61166E-8
7591.05   9.16921E-8
7596.45   1.88708E-7
7601.85   1.11144E-7
7607.26   7.94416E-8
7612.67   1.41926E-7
7618.08   1.61341E-7
7623.5   8.2808E-8
7628.93   9.86083E-8
7634.35   1.94265E-7
7639.78   1.08481E-7
7645.22   8.04898E-8
7650.65   1.41899E-7
7656.1   1.68267E-7
7661.54   8.57453E-8
7666.99   9.38422E-8
7672.45   1.88646E-7
7677.9   1.24299E-7
7683.36   8.02792E-8
7688.83   1.19398E-7
7694.3   1.9456E-7
7699.77   9.96725E-8
7705.25   8.36183E-8
7710.73   1.51126E-7
7716.21   1.70013E-7
7721.7   8.84895E-8
7727.19   9.13517E-8
7732.69   1.78137E-7
7738.19   1.46856E-7
7743.7   8.41317E-8
7749.2   1.00001E-7
7754.72   1.93527E-7
7760.23   1.33328E-7
7765.75   8.29488E-8
7771.27   1.06424E-7
7776.8   1.99631E-7
7782.33   1.28373E-7
7787.87   8.3079E-8
7793.41   1.0843E-7
7798.95   2.00907E-7
7804.5   1.3087E-7
7810.05   8.39281E-8
7815.61   1.05436E-7
7821.17   1.97353E-7
7826.73   1.41403E-7
7832.3   8.6097E-8
7837.87   9.86652E-8
7843.44   1.8421E-7
7849.02   1.61929E-7
7854.6   9.15467E-8
7860.19   9.0841E-8
7865.78   1.58399E-7
7871.38   1.91409E-7
7876.98   1.04244E-7
7882.58   8.5499E-8
7888.19   1.26568E-7
7893.8   2.09503E-7
7899.41   1.31601E-7
7905.03   8.68157E-8
7910.65   1.00423E-7
7916.28   1.80176E-7
7921.91   1.80845E-7
7927.55   1.01543E-7
7933.19   8.70301E-8
7938.83   1.27167E-7
7944.48   2.11212E-7
7950.13   1.43798E-7
7955.78   9.09164E-8
7961.44   9.39513E-8
7967.1   1.54483E-7
7972.77   2.09688E-7
7978.44   1.25011E-7
7984.12   8.82246E-8
7989.8   1.00821E-7
7995.48   1.71212E-7
8001.17   2.03468E-7
8006.86   1.19436E-7
8012.55   8.83116E-8
8018.25   1.03028E-7
8023.96   1.73098E-7
8029.66   2.06801E-7
8035.37   1.23999E-7
8041.09   8.9782E-8
8046.81   9.94469E-8
8052.53   1.59671E-7
8058.26   2.17438E-7
8063.99   1.40962E-7
8069.73   9.45997E-8
8075.47   9.30468E-8
8081.21   1.341E-7
8086.96   2.13935E-7
8092.71   1.76923E-7
8098.47   1.09078E-7
8104.23   8.99098E-8
8109.99   1.07325E-7
8115.76   1.71425E-7
8121.54   2.20396E-7
8127.31   1.47401E-7
8133.09   9.92686E-8
8138.88   9.18875E-8
8144.67   1.18984E-7
8150.46   1.90372E-7
8156.26   2.15638E-7
8162.06   1.40661E-7
8167.87   9.85737E-8
8173.68   9.29356E-8
8179.49   1.18954E-7
8185.31   1.86272E-7
8191.13   2.22958E-7
8196.96   1.53647E-7
8202.79   1.04947E-7
8208.62   9.24304E-8
8214.46   1.07789E-7
8220.3   1.58875E-7
8226.15   2.25602E-7
8232   1.91787E-7
8237.86   1.26263E-7
8243.72   9.70949E-8
8249.58   9.56584E-8
8255.45   1.20328E-7
8261.32   1.79447E-7
8267.2   2.31361E-7
8273.08   1.83721E-7
8278.96   1.2434E-7
8284.85   9.80167E-8
8290.74   9.61501E-8
8296.64   1.17017E-7
8302.54   1.68008E-7
8308.45   2.28946E-7
8314.36   2.08478E-7
8320.27   1.45003E-7
8326.19   1.07717E-7
8332.11   9.55759E-8
8338.04   1.02595E-7
8343.97   1.31339E-7
8349.91   1.87043E-7
8355.84   2.35857E-7
8361.79   2.05276E-7
8367.74   1.46359E-7
8373.69   1.10868E-7
8379.64   9.73789E-8
8385.6   1.00369E-7
8391.57   1.20439E-7
8397.54   1.62683E-7
8403.51   2.20028E-7
8409.49   2.36632E-7
8415.47   1.89182E-7
8421.46   1.39005E-7
8427.45   1.10161E-7
8433.44   9.87451E-8
8439.44   1.00695E-7
8445.44   1.16114E-7
8451.45   1.48506E-7
8457.46   1.98402E-7
8463.48   2.40453E-7
8469.5   2.28511E-7
8475.52   1.79679E-7
8481.55   1.37576E-7
8487.58   1.12561E-7
8493.62   1.01211E-7
8499.66   1.00375E-7
8505.71   1.09377E-7
8511.76   1.29784E-7
8517.81   1.64053E-7
8523.87   2.09386E-7
8529.93   2.44367E-7
8536   2.38476E-7
8542.07   1.99531E-7
8548.15   1.58613E-7
8554.23   1.29316E-7
8560.31   1.11684E-7
8566.4   1.03091E-7
8572.5   1.01702E-7
8578.59   1.06897E-7
8584.7   1.19116E-7
8590.8   1.39541E-7
8596.91   1.69131E-7
8603.03   2.05764E-7
8609.15   2.39394E-7
8615.27   2.52928E-7
8621.4   2.38405E-7
8627.53   2.0698E-7
8633.67   1.7412E-7
8639.81   1.47455E-7
8645.95   1.28245E-7
8652.1   1.15466E-7
8658.26   1.07819E-7
8664.42   1.04319E-7
8670.58   1.0437E-7
8676.75   1.07704E-7
8682.92   1.14311E-7
8689.1   1.24362E-7
8695.28   1.38109E-7
8701.46   1.55713E-7
8707.65   1.76931E-7
8713.84   2.00672E-7
8720.04   2.24546E-7
8726.25   2.44874E-7
8732.45   2.57692E-7
8738.66   2.60551E-7
8744.88   2.53782E-7
8751.1   2.40063E-7
8757.32   2.22825E-7
8763.55   2.04907E-7
8769.79   1.88078E-7
8776.02   1.7318E-7
8782.27   1.60457E-7
8788.51   1.49832E-7
8794.77   1.41088E-7
8801.02   1.3397E-7
8807.28   1.28227E-7
8813.55   1.23634E-7
8819.81   1.19998E-7
8826.09   1.17154E-7
8832.37   1.14962E-7
8838.65   1.13306E-7
8844.94   1.12085E-7
8851.23   1.11215E-7
8857.52   1.10625E-7
8863.82   1.10254E-7
8870.13   1.1005E-7
8876.44   1.09971E-7
8882.75   1.09983E-7
8889.07   1.1006E-7
8895.39   1.10184E-7
8901.72   1.10344E-7
8908.05   1.10536E-7
8914.39   1.10768E-7
8920.73   1.11051E-7
8927.07   1.11407E-7
8933.42   1.11865E-7
8939.78   1.12465E-7
8946.14   1.13254E-7
8952.5   1.1429E-7
8958.87   1.15641E-7
8965.24   1.17389E-7
8971.62   1.19633E-7
8978   1.22487E-7
8984.39   1.26088E-7
8990.78   1.30601E-7
8997.17   1.36221E-7
9003.57   1.4318E-7
9009.98   1.51744E-7
9016.38   1.62206E-7
9022.8   1.7486E-7
9029.21   1.89927E-7
9035.64   2.0742E-7
9042.06   2.2689E-7
9048.5   2.47073E-7
9054.93   2.6553E-7
9061.37   2.78682E-7
9067.82   2.82738E-7
9074.27   2.75525E-7
9080.72   2.57986E-7
9087.18   2.33835E-7
9093.65   2.07607E-7
9100.11   1.82864E-7
9106.59   1.61603E-7
9113.07   1.44556E-7
9119.55   1.31754E-7
9126.03   1.22965E-7
9132.53   1.17972E-7
9139.02   1.16724E-7
9145.52   1.19447E-7
9152.03   1.26731E-7
9158.54   1.39628E-7
9165.05   1.59659E-7
9171.57   1.88403E-7
9178.09   2.25708E-7
9184.62   2.65197E-7
9191.16   2.90018E-7
9197.69   2.82712E-7
9204.24   2.47095E-7
9210.78   2.03726E-7
9217.33   1.67319E-7
9223.89   1.41863E-7
9230.45   1.26549E-7
9237.02   1.19938E-7
9243.59   1.2146E-7
9250.16   1.319E-7
9256.74   1.53644E-7
9263.33   1.90186E-7
9269.92   2.4142E-7
9276.51   2.88672E-7
9283.11   2.91486E-7
9289.71   2.45126E-7
9296.32   1.90567E-7
9302.93   1.5156E-7
9309.55   1.2971E-7
9316.17   1.21865E-7
9322.8   1.26737E-7
9329.43   1.46307E-7
9336.06   1.85776E-7
9342.71   2.46968E-7
9349.35   2.99343E-7
9356   2.81301E-7
9362.66   2.15611E-7
9369.31   1.62013E-7
9375.98   1.32971E-7
9382.65   1.23699E-7
9389.32   1.31942E-7
9396   1.61416E-7
9402.68   2.19782E-7
9409.37   2.91907E-7
9416.07   2.94711E-7
9422.76   2.22204E-7
9429.47   1.61213E-7
9436.17   1.31467E-7
9442.88   1.26115E-7
9449.6   1.43837E-7
9456.32   1.92657E-7
9463.05   2.74107E-7
9469.78   3.07564E-7
9476.52   2.34122E-7
9483.26   1.63843E-7
9490   1.31739E-7
9496.75   1.29132E-7
9503.51   1.55803E-7
9510.27   2.23513E-7
9517.03   3.08163E-7
9523.8   2.76315E-7
9530.58   1.86605E-7
9537.35   1.38844E-7
9544.14   1.2902E-7
9550.93   1.52841E-7
9557.72   2.23234E-7
9564.52   3.13623E-7
9571.32   2.6769E-7
9578.13   1.75428E-7
9584.94   1.344E-7
9591.76   1.34411E-7
9598.58   1.76885E-7
9605.41   2.75068E-7
9612.24   3.11162E-7
9619.08   2.08109E-7
9625.92   1.44093E-7
9632.77   1.32109E-7
9639.62   1.65559E-7
9646.48   2.61694E-7
9653.34   3.191E-7
9660.21   2.12553E-7
9667.08   1.44373E-7
9673.95   1.34344E-7
9680.83   1.7674E-7
9687.72   2.87655E-7
9694.61   3.02011E-7
9701.51   1.86063E-7
9708.41   1.36507E-7
9715.31   1.4539E-7
9722.22   2.21628E-7
9729.14   3.30163E-7
9736.06   2.35813E-7
9742.99   1.49693E-7
9749.92   1.37099E-7
9756.85   1.90045E-7
9763.79   3.16621E-7
9770.74   2.68327E-7
9777.69   1.60261E-7
9784.64   1.36432E-7
9791.6   1.8257E-7
9798.57   3.13059E-7
9805.54   2.72851E-7
9812.51   1.6012E-7
9819.49   1.38212E-7
9826.47   1.93861E-7
9833.46   3.29683E-7
9840.46   2.4827E-7
9847.46   1.50152E-7
9854.46   1.45006E-7
9861.47   2.31E-7
9868.49   3.38694E-7
9875.51   2.01636E-7
9882.53   1.4008E-7
9889.56   1.68806E-7
9896.59   3.05699E-7
9903.63   2.79106E-7
9910.68   1.57512E-7
9917.73   1.45952E-7
9924.78   2.38883E-7
9931.84   3.36812E-7
9938.91   1.86858E-7
9945.98   1.40997E-7
9953.05   1.99035E-7
9960.13   3.4732E-7
9967.21   2.17184E-7
9974.3   1.42944E-7
9981.4   1.80795E-7
9988.5   3.38074E-7
9995.6   2.37506E-7
10002.7   1.45699E-7
10009.8   1.75622E-7
10016.9   3.35273E-7
10024.1   2.4134E-7
10031.2   1.46328E-7
10038.3   1.80454E-7
10045.5   3.45309E-7
10052.6   2.27649E-7
10059.8   1.45206E-7
10066.9   1.97498E-7
10074.1   3.57644E-7
10081.3   2.00888E-7
10088.4   1.46117E-7
10095.6   2.34859E-7
10102.8   3.40206E-7
10110   1.71271E-7
10117.2   1.56607E-7
10124.4   3.02839E-7
10131.6   2.72657E-7
10138.8   1.50903E-7
10146   1.91264E-7
10153.2   3.63908E-7
10160.4   1.96797E-7
10167.6   1.51251E-7
10174.9   2.77277E-7
10182.1   2.9559E-7
10189.4   1.54324E-7
10196.6   1.92611E-7
10203.9   3.68172E-7
10211.1   1.89433E-7
10218.4   1.57433E-7
10225.6   3.16067E-7
10232.9   2.5502E-7
10240.2   1.50639E-7
10247.5   2.39434E-7
10254.8   3.32075E-7
10262.1   1.60724E-7
10269.4   1.9266E-7
10276.7   3.7333E-7
10284   1.82174E-7
10291.3   1.6914E-7
10298.6   3.61904E-7
10305.9   2.10247E-7
10313.3   1.58684E-7
10320.6   3.29411E-7
10327.9   2.39056E-7
10335.3   1.55064E-7
10342.6   3.01538E-7
10350   2.62494E-7
10357.4   1.54611E-7
10364.7   2.85664E-7
10372.1   2.76207E-7
10379.5   1.55215E-7
10386.9   2.82285E-7
10394.3   2.782E-7
10401.6   1.56006E-7
10409   2.9131E-7
10416.4   2.68197E-7
10423.9   1.57336E-7
10431.3   3.13361E-7
10438.7   2.47626E-7
10446.1   1.60831E-7
10453.5   3.47558E-7
10461   2.20426E-7
10468.4   1.69627E-7
10475.9   3.8304E-7
10483.3   1.92751E-7
10490.8   1.89167E-7
10498.2   3.87462E-7
10505.7   1.71024E-7
10513.2   2.28919E-7
10520.7   3.33212E-7
10528.1   1.60704E-7
10535.6   3.01452E-7
10543.1   2.5218E-7
10550.6   1.68064E-7
10558.1   3.87485E-7
10565.6   1.91232E-7
10573.2   2.05879E-7
10580.7   3.65906E-7
10588.2   1.64022E-7
10595.7   2.98923E-7
10603.3   2.51114E-7
10610.8   1.73994E-7
10618.4   4.02674E-7
10625.9   1.79066E-7
10633.5   2.42967E-7
10641   3.06856E-7
10648.6   1.6671E-7
10656.2   3.86921E-7
10663.8   1.93127E-7
10671.3   2.24963E-7
10678.9   3.30739E-7
10686.5   1.66913E-7
10694.1   3.85776E-7
10701.7   1.94026E-7
10709.3   2.32969E-7
10717   3.16166E-7
10724.6   1.70768E-7
10732.2   4.07965E-7
10739.9   1.82025E-7
10747.5   2.72226E-7
10755.1   2.66294E-7
10762.8   1.85998E-7
10770.4   4.03003E-7
10778.1   1.7015E-7
10785.8   3.59997E-7
10793.4   2.0612E-7
10801.1   2.37513E-7
10808.8   3.03855E-7
10816.5   1.80959E-7
10824.2   4.15595E-7
10831.9   1.72457E-7
10839.6   3.70427E-7
10847.3   2.00794E-7
10855   2.61485E-7
10862.7   2.7092E-7
10870.5   1.98694E-7
10878.2   3.74831E-7
10885.9   1.75182E-7
10893.7   4.27385E-7
10901.4   1.77471E-7
10909.2   3.67671E-7
10916.9   2.01356E-7
10924.7   2.82762E-7
10932.5   2.47657E-7
10940.2   2.25175E-7
10948   3.15146E-7
10955.8   1.93731E-7
10963.6   3.88172E-7
10971.4   1.79644E-7
10979.2   4.32585E-7
10987   1.77031E-7
10994.8   4.27219E-7
11002.7   1.82506E-7
11010.5   3.88664E-7
11018.3   1.93913E-7
11026.2   3.43655E-7
11034   2.09491E-7
11041.8   3.05748E-7
11049.7   2.27429E-7
11057.6   2.77734E-7
11065.4   2.45749E-7
11073.3   2.58436E-7
11081.2   2.62435E-7
11089.1   2.46011E-7
11096.9   2.757E-7
11104.8   2.38962E-7
11112.7   2.84204E-7
11120.6   2.36341E-7
11128.5   2.87154E-7
11136.5   2.37747E-7
11144.4   2.843E-7
11152.3   2.4331E-7
11160.2   2.75934E-7
11168.2   2.53706E-7
11176.1   2.62923E-7
11184.1   2.70203E-7
11192   2.46714E-7
11200   2.94657E-7
11208   2.29215E-7
11215.9   3.29153E-7
11223.9   2.12544E-7
11231.9   3.74359E-7
11239.9   1.9878E-7
11247.9   4.24644E-7
11255.9   1.89897E-7
11263.9   4.6004E-7
11271.9   1.87997E-7
11279.9   4.50265E-7
11287.9   1.95951E-7
11296   3.89524E-7
11304   2.18552E-7
11312   3.11083E-7
11320.1   2.64054E-7
11328.1   2.46961E-7
11336.2   3.42577E-7
11344.3   2.0724E-7
11352.3   4.40687E-7
11360.4   1.91663E-7
11368.5   4.64148E-7
11376.6   2.01488E-7
11384.7   3.65982E-7
11392.8   2.46417E-7
11400.9   2.61947E-7
11409   3.4615E-7
11417.1   2.06378E-7
11425.2   4.68264E-7
11433.3   1.95212E-7
11441.5   4.21295E-7
11449.6   2.3097E-7
11457.8   2.81511E-7
11465.9   3.39794E-7
11474.1   2.08193E-7
11482.2   4.8016E-7
11490.4   2.00378E-7
11498.6   3.8298E-7
11506.7   2.63243E-7
11514.9   2.42356E-7
11523.1   4.27892E-7
11531.3   1.98273E-7
11539.5   4.4708E-7
11547.7   2.37726E-7
11555.9   2.68172E-7
11564.2   3.98505E-7
11572.4   2.01009E-7
11580.6   4.61943E-7
11588.9   2.38214E-7
11597.1   2.66445E-7
11605.3   4.18572E-7
11613.6   2.01579E-7
11621.9   4.33287E-7
11630.1   2.63838E-7
11638.4   2.39508E-7
11646.7   4.80279E-7
11655   2.08126E-7
11663.3   3.4969E-7
11671.5   3.38899E-7
11679.8   2.10434E-7
11688.2   4.84419E-7
11696.5   2.47772E-7
11704.8   2.52588E-7
11713.1   4.83432E-7
11721.4   2.12729E-7
11729.8   3.29234E-7
11738.1   3.86408E-7
11746.5   2.07349E-7
11754.8   4.21957E-7
11763.2   3.09135E-7
11771.6   2.18059E-7
11779.9   4.9166E-7
11788.3   2.65395E-7
11796.7   2.36691E-7
11805.1   5.16543E-7
11813.5   2.43131E-7
11821.9   2.56296E-7
11830.3   5.13595E-7
11838.7   2.33157E-7
11847.1   2.70667E-7
11855.6   5.07412E-7
11864   2.30593E-7
11872.4   2.75519E-7
11880.9   5.10167E-7
11889.3   2.33743E-7
11897.8   2.69593E-7
11906.2   5.21839E-7
11914.7   2.4368E-7
11923.2   2.55023E-7
11931.7   5.29727E-7
11940.2   2.64612E-7
11948.7   2.36877E-7
11957.2   5.07681E-7
11965.7   3.05115E-7
11974.2   2.21986E-7
11982.7   4.37726E-7
11991.2   3.78715E-7
11999.7   2.18201E-7
12008.3   3.43412E-7
12016.8   4.8705E-7
12025.4   2.36228E-7
12033.9   2.66133E-7
12042.5   5.38258E-7
12051   2.96576E-7
12059.6   2.25559E-7
12068.2   4.20311E-7
12076.8   4.32297E-7
12085.4   2.29145E-7
12094   2.84452E-7
12102.6   5.47655E-7
12111.2   3.01715E-7
12119.8   2.2601E-7
12128.4   3.90862E-7
12137   4.88623E-7
12145.7   2.48157E-7
12154.3   2.51062E-7
12163   4.93964E-7
12171.6   4.00368E-7
12180.3   2.31255E-7
12188.9   2.83717E-7
12197.6   5.45556E-7
12206.3   3.53916E-7
12215   2.28333E-7
12223.6   3.05976E-7
12232.3   5.59592E-7
12241   3.43024E-7
12249.7   2.29539E-7
12258.5   3.06486E-7
12267.2   5.5948E-7
12275.9   3.63179E-7
12284.6   2.33483E-7
12293.4   2.85598E-7
12302.1   5.32204E-7
12310.9   4.22045E-7
12319.6   2.47154E-7
12328.4   2.55512E-7
12337.2   4.4886E-7
12345.9   5.24492E-7
12354.7   2.8911E-7
12363.5   2.35434E-7
12372.3   3.3535E-7
12381.1   5.72491E-7
12389.9   3.99281E-7
12398.7   2.49131E-7
12407.5   2.5541E-7
12416.4   4.1909E-7
12425.2   5.73833E-7
12434   3.44091E-7
12442.9   2.41555E-7
12451.7   2.7213E-7
12460.6   4.55265E-7
12469.4   5.67894E-7
12478.3   3.41817E-7
12487.2   2.44311E-7
12496.1   2.6809E-7
12505   4.28137E-7
12513.9   5.92164E-7
12522.8   3.90087E-7
12531.7   2.59713E-7
12540.6   2.50058E-7
12549.5   3.49411E-7
12558.4   5.64219E-7
12567.4   5.13768E-7
12576.3   3.17475E-7
12585.2   2.46928E-7
12594.2   2.70223E-7
12603.2   4.00533E-7
12612.1   5.96401E-7
12621.1   4.91551E-7
12630.1   3.1441E-7
12639.1   2.49951E-7
12648   2.6712E-7
12657   3.74013E-7
12666   5.68796E-7
12675.1   5.63389E-7
12684.1   3.74201E-7
12693.1   2.7182E-7
12702.1   2.51078E-7
12711.2   2.96694E-7
12720.2   4.27737E-7
12729.2   6.02286E-7
12738.3   5.53415E-7
12747.4   3.79047E-7
12756.4   2.81116E-7
12765.5   2.53162E-7
12774.6   2.79013E-7
12783.7   3.67966E-7
12792.8   5.27964E-7
12801.9   6.28366E-7
12811   5.11571E-7
12820.1   3.63656E-7
12829.2   2.83321E-7
12838.3   2.57057E-7
12847.5   2.72433E-7
12856.6   3.32882E-7
12865.7   4.50125E-7
12874.9   5.95837E-7
12884   6.27341E-7
12893.2   5.05992E-7
12902.4   3.78299E-7
12911.6   3.01236E-7
12920.7   2.66513E-7
12929.9   2.63143E-7
12939.1   2.88205E-7
12948.3   3.45859E-7
12957.5   4.42339E-7
12966.8   5.65427E-7
12976   6.47355E-7
12985.2   6.13451E-7
12994.4   5.05296E-7
13003.7   4.02478E-7
13012.9   3.31666E-7
13022.2   2.89923E-7
13031.5   2.70126E-7
13040.7   2.676E-7
13050   2.80502E-7
13059.3   3.09189E-7
13068.6   3.5541E-7
13077.9   4.20666E-7
13087.2   5.02442E-7
13096.5   5.87897E-7
13105.8   6.51001E-7
13115.1   6.65911E-7
13124.5   6.30239E-7
13133.8   5.6561E-7
13143.1   4.96006E-7
13152.5   4.3477E-7
13161.8   3.85892E-7
13171.2   3.4885E-7
13180.6   3.21722E-7
13189.9   3.02512E-7
13199.3   2.89545E-7
13208.7   2.81512E-7
13218.1   2.77408E-7
13227.5   2.76455E-7
13236.9   2.78029E-7
13246.3   2.8161E-7
13255.8   2.86739E-7
13265.2   2.93E-7
13274.6   2.99999E-7
13284.1   3.07357E-7
13293.5   3.14714E-7
13303   3.2173E-7
13312.4   3.28093E-7
13321.9   3.33528E-7
13331.4   3.37807E-7
13340.9   3.40757E-7
13350.3   3.42264E-7
13359.8   3.42279E-7
13369.3   3.40819E-7
13378.9   3.37969E-7
13388.4   3.33877E-7
13397.9   3.28751E-7
13407.4   3.22851E-7
13417   3.16484E-7
13426.5   3.09993E-7
13436.1   3.0375E-7
13445.6   2.9815E-7
13455.2   2.93615E-7
13464.7   2.90596E-7
13474.3   2.89587E-7
13483.9   2.91158E-7
13493.5   2.9599E-7
13503.1   3.04934E-7
13512.7   3.1909E-7
13522.3   3.39899E-7
13531.9   3.69224E-7
13541.6   4.0934E-7
13551.2   4.62559E-7
13560.8   5.299E-7
13570.5   6.07752E-7
13580.1   6.82299E-7
13589.8   7.2705E-7
13599.4   7.16195E-7
13609.1   6.50075E-7
13618.8   5.57007E-7
13628.5   4.66936E-7
13638.2   3.95001E-7
13647.9   3.44375E-7
13657.6   3.13546E-7
13667.3   3.00738E-7
13677   3.05852E-7
13686.8   3.31496E-7
13696.5   3.83789E-7
13706.2   4.71666E-7
13716   5.97039E-7
13725.7   7.19715E-7
13735.5   7.38737E-7
13745.3   6.27005E-7
13755.1   4.86026E-7
13764.8   3.83583E-7
13774.6   3.26444E-7
13784.4   3.06855E-7
13794.2   3.22155E-7
13804   3.79468E-7
13813.9   4.95259E-7
13823.7   6.65973E-7
13833.5   7.63255E-7
13843.4   6.46356E-7
13853.2   4.71111E-7
13863.1   3.60617E-7
13872.9   3.1521E-7
13882.8   3.22801E-7
13892.7   3.89953E-7
13902.5   5.41456E-7
13912.4   7.4063E-7
13922.3   7.24902E-7
13932.2   5.16199E-7
13942.1   3.72175E-7
13952.1   3.18559E-7
13962   3.36577E-7
13971.9   4.39941E-7
13981.9   6.55241E-7
13991.8   7.80071E-7
14001.8   5.73606E-7
14011.7   3.89251E-7
14021.7   3.227E-7
14031.6   3.47552E-7
14041.6   4.84255E-7
14051.6   7.38731E-7
14061.6   7.21747E-7
14071.6   4.64872E-7
14081.6   3.39944E-7
14091.6   3.35194E-7
14101.7   4.5286E-7
14111.7   7.23697E-7
14121.7   7.32646E-7
14131.8   4.55781E-7
14141.8   3.35884E-7
14151.9   3.53511E-7
14162   5.28965E-7
14172   8.06449E-7
14182.1   6.02105E-7
14192.2   3.76226E-7
14202.3   3.34358E-7
14212.4   4.5185E-7
14222.5   7.63195E-7
14232.6   6.76836E-7
14242.7   3.99169E-7
14252.9   3.35419E-7
14263   4.51258E-7
14273.2   7.80325E-7
14283.3   6.48952E-7
14293.5   3.8121E-7
14303.6   3.4614E-7
14313.8   5.24849E-7
14324   8.35147E-7
14334.2   5.25917E-7
14344.4   3.46795E-7
14354.6   3.98656E-7
14364.8   7.23181E-7
14375   7.0204E-7
14385.2   3.88921E-7
14395.5   3.57789E-7
14405.7   5.98071E-7
14416   8.08789E-7
14426.2   4.34543E-7
14436.5   3.49057E-7
14446.7   5.45867E-7
14457   8.41133E-7
14467.3   4.53705E-7
14477.6   3.50655E-7
14487.9   5.54737E-7
14498.2   8.35687E-7
14508.5   4.3513E-7
14518.8   3.59861E-7
14529.1   6.28228E-7
14539.5   7.68755E-7
14549.8   3.92584E-7
14560.2   3.92526E-7
14570.5   7.79032E-7
14580.9   6.10969E-7
14591.3   3.58556E-7
14601.6   4.92988E-7
14612   8.73613E-7
14622.4   4.43367E-7
14632.8   3.76449E-7
14643.2   7.42083E-7
14653.6   6.35279E-7
14664.1   3.62105E-7
14674.5   5.32306E-7
14684.9   8.44657E-7
14695.4   4.03729E-7
14705.8   4.25408E-7
14716.3   8.859E-7
14726.8   4.80439E-7
14737.2   3.82188E-7
14747.7   7.94849E-7
14758.2   5.70081E-7
14768.7   3.6923E-7
14779.2   7.0436E-7
14789.7   6.45905E-7
14800.3   3.68715E-7
14810.8   6.55379E-7
14821.3   6.88054E-7
14831.9   3.71107E-7
14842.4   6.48466E-7
14853   6.88797E-7
14863.5   3.72913E-7
14874.1   6.82994E-7
14884.7   6.4779E-7
14895.3   3.76578E-7
14905.9   7.62775E-7
14916.5   5.73083E-7
14927.1   3.90888E-7
14937.7   8.76901E-7
14948.3   4.86134E-7
14959   4.33129E-7
14969.6   9.35016E-7
14980.2   4.14972E-7
14990.9   5.36602E-7
15001.6   7.96265E-7
15012.2   3.83219E-7
15022.9   7.51021E-7
15033.6   5.64249E-7
15044.3   4.17429E-7
15055   9.51797E-7
15065.7   4.18485E-7
15076.4   5.81457E-7
15087.1   7.1713E-7
15097.9   3.94376E-7
15108.6   9.18697E-7
15119.4   4.53084E-7
15130.1   5.39083E-7
15140.9   7.65768E-7
15151.6   3.96509E-7
15162.4   9.3365E-7
15173.2   4.44341E-7
15184   5.87603E-7
15194.8   6.87096E-7
15205.6   4.17656E-7
15216.4   9.7692E-7
15227.2   4.0817E-7
15238.1   7.67736E-7
15248.9   5.24897E-7
15259.8   5.13489E-7
15270.6   7.83576E-7
15281.5   4.13585E-7
15292.3   9.919E-7
15303.2   4.10592E-7
15314.1   8.38339E-7
15325   4.82353E-7
15335.9   6.09698E-7
15346.8   6.32233E-7
15357.7   4.783E-7
15368.6   8.40867E-7
15379.6   4.21612E-7
15390.5   9.96182E-7
15401.5   4.10227E-7
15412.4   9.81015E-7
15423.4   4.28788E-7
15434.4   8.55667E-7
15445.3   4.6892E-7
15456.3   7.27456E-7
15467.3   5.23875E-7
15478.3   6.3347E-7
15489.3   5.85902E-7
15500.3   5.7223E-7
15511.4   6.4602E-7
15522.4   5.34987E-7
15533.4   6.95638E-7
15544.5   5.14587E-7
15555.5   7.28412E-7
15566.6   5.06613E-7
15577.7   7.40859E-7
15588.8   5.09101E-7
15599.9   7.31826E-7
15611   5.22302E-7
15622.1   7.02141E-7
15633.2   5.48756E-7
15644.3   6.5515E-7
15655.4   5.93671E-7
15666.6   5.97318E-7
15677.7   6.65308E-7
15688.8   5.37563E-7
15700   7.7348E-7
15711.2   4.85304E-7
15722.3   9.18212E-7
15733.5   4.48889E-7
15744.7   1.05169E-6
15755.9   4.36087E-7
15767.1   1.05106E-6
15778.3   4.57325E-7
15789.6   8.71734E-7
15800.8   5.32285E-7
15812   6.54927E-7
15823.3   6.97653E-7
15834.5   5.08559E-7
15845.8   9.67375E-7
15857.1   4.46867E-7
15868.4   1.08314E-6
15879.6   4.70614E-7
15890.9   8.06995E-7
15902.2   6.1702E-7
15913.6   5.48849E-7
15924.9   9.47162E-7
15936.2   4.5242E-7
15947.5   1.07199E-6
15958.9   5.02862E-7
15970.2   6.93651E-7
15981.6   7.70534E-7
15993   4.78933E-7
16004.3   1.12323E-6
16015.7   4.82036E-7
16027.1   7.54346E-7
16038.5   7.4916E-7
16049.9   4.83751E-7
16061.3   1.13176E-6
16072.8   5.02863E-7
16084.2   6.83178E-7
16095.6   8.78093E-7
16107.1   4.65979E-7
16118.5   1.0298E-6
16130   6.02213E-7
16141.5   5.42724E-7
16153   1.1336E-6
16164.4   4.94368E-7
16175.9   7.0385E-7
16187.4   9.31924E-7
16199   4.70743E-7
16210.5   9.03521E-7
16222   7.51256E-7
16233.6   4.84921E-7
16245.1   1.06194E-6
16256.7   6.5328E-7
16268.2   5.10706E-7
16279.8   1.14072E-6
16291.4   6.11142E-7
16303   5.29784E-7
16314.6   1.16609E-6
16326.2   6.05893E-7
16337.8   5.31819E-7
16349.4   1.16161E-6
16361   6.34109E-7
16372.7   5.17154E-7
16384.3   1.10971E-6
16396   7.07834E-7
16407.6   4.97012E-7
16419.3   9.75422E-7
16431   8.55528E-7
16442.7   4.91374E-7
16454.4   7.79013E-7
16466.1   1.09085E-6
16477.8   5.3054E-7
16489.5   6.02747E-7
16501.2   1.21494E-6
16513   6.71971E-7
16524.7   5.07429E-7
16536.5   9.26889E-7
16548.2   1.01085E-6
16560   5.26702E-7
16571.8   6.10458E-7
16583.6   1.2116E-6
16595.4   7.52885E-7
16607.2   5.04617E-7
16619   7.57309E-7
16630.8   1.23064E-6
16642.6   6.46237E-7
16654.5   5.17482E-7
16666.3   8.60752E-7
16678.2   1.18985E-6
16690   6.22872E-7
16701.9   5.25233E-7
16713.8   8.65703E-7
16725.7   1.22141E-6
16737.6   6.59143E-7
16749.5   5.19882E-7
16761.4   7.70478E-7
16773.3   1.28075E-6
16785.2   7.85033E-7
16797.2   5.27199E-7
16809.1   6.2958E-7
16821.1   1.13677E-6
16833   1.07738E-6
16845   6.12927E-7
16857   5.34367E-7
16869   7.74426E-7
16881   1.2873E-6
16893   9.32243E-7
16905   5.78715E-7
16917   5.51211E-7
16929.1   8.13856E-7
16941.1   1.30123E-6
16953.2   9.77646E-7
16965.2   6.09089E-7
16977.3   5.41879E-7
16989.4   7.13901E-7
17001.4   1.1772E-6
17013.5   1.21775E-6
17025.6   7.55243E-7
17037.8   5.58142E-7
17049.9   5.77292E-7
17062   8.16013E-7
17074.1   1.26755E-6
17086.3   1.1963E-6
17098.4   7.69918E-7
17110.6   5.75003E-7
17122.8   5.64605E-7
17134.9   7.21996E-7
17147.1   1.0936E-6
17159.3   1.36448E-6
17171.5   1.0394E-6
17183.8   7.09122E-7
17196   5.72719E-7
17208.2   5.73133E-7
17220.4   7.0203E-7
17232.7   9.96004E-7
17245   1.34616E-6
17257.2   1.27904E-6
17269.5   9.26633E-7
17281.8   6.85752E-7
17294.1   5.81809E-7
17306.4   5.74608E-7
17318.7   6.54398E-7
17331   8.39098E-7
17343.3   1.13483E-6
17355.7   1.39263E-6
17368   1.32956E-6
17380.4   1.04765E-6
17392.7   8.05443E-7
17405.1   6.61005E-7
17417.5   5.92887E-7
17429.9   5.80911E-7
17442.3   6.17242E-7
17454.7   7.03921E-7
17467.1   8.48191E-7
17479.5   1.05051E-6
17491.9   1.27613E-6
17504.4   1.4309E-6
17516.8   1.4238E-6
17529.3   1.27803E-6
17541.8   1.09021E-6
17554.2   9.25236E-7
17566.7   8.01009E-7
17579.2   7.14209E-7
17591.7   6.56855E-7
17604.2   6.21827E-7
17616.8   6.03839E-7
17629.3   5.99156E-7
17641.8   6.05112E-7
17654.4   6.197E-7
17666.9   6.41274E-7
17679.5   6.6834E-7
17692.1   6.99419E-7
17704.7   7.32987E-7
17717.3   7.67456E-7
17729.9   8.01219E-7
17742.5   8.32716E-7
17755.1   8.60511E-7
17767.7   8.83369E-7
17780.4   9.00307E-7
17793   9.10623E-7
17805.7   9.13912E-7
17818.3   9.10066E-7
17831   8.9928E-7
17843.7   8.82055E-7
17856.4   8.592E-7
17869.1   8.31814E-7
17881.8   8.0125E-7
17894.5   7.69048E-7
17907.2   7.36861E-7
17920   7.06375E-7
17932.7   6.79257E-7
17945.5   6.57142E-7
17958.2   6.41683E-7
17971   6.3467E-7
17983.8   6.38229E-7
17996.6   6.55125E-7
18009.4   6.89193E-7
18022.2   7.45883E-7
18035   8.32762E-7
18047.8   9.59145E-7
18060.7   1.13206E-6
18073.5   1.34178E-6
18086.4   1.53234E-6
18099.3   1.59521E-6
18112.1   1.46781E-6
18125   1.22735E-6
18137.9   9.921E-7
18150.8   8.17637E-7
18163.7   7.09693E-7
18176.6   6.60717E-7
18189.6   6.67473E-7
18202.5   7.37793E-7
18215.5   8.94472E-7
18228.4   1.16693E-6
18241.4   1.50831E-6
18254.3   1.62763E-6
18267.3   1.34886E-6
18280.3   9.97143E-7
18293.3   7.74307E-7
18306.3   6.78936E-7
18319.4   6.90019E-7
18332.4   8.21212E-7
18345.4   1.12512E-6
18358.5   1.55927E-6
18371.5   1.59875E-6
18384.6   1.15814E-6
18397.7   8.23111E-7
18410.8   6.9041E-7
18423.9   7.18074E-7
18437   9.33425E-7
18450.1   1.40361E-6
18463.2   1.68248E-6
18476.3   1.21496E-6
18489.5   8.19947E-7
18502.6   6.9325E-7
18515.8   7.8114E-7
18529   1.15429E-6
18542.1   1.69691E-6
18555.3   1.37064E-6
18568.5   8.64828E-7
18581.7   7.02565E-7
18595   8.13537E-7
18608.2   1.29092E-6
18621.4   1.73077E-6
18634.7   1.13548E-6
18647.9   7.55617E-7
18661.2   7.42709E-7
18674.5   1.10607E-6
18687.7   1.75023E-6
18701   1.24205E-6
18714.3   7.75824E-7
18727.7   7.53058E-7
18741   1.17699E-6
18754.3   1.77666E-6
18767.6   1.094E-6
18781   7.36959E-7
18794.4   8.54505E-7
18807.7   1.54543E-6
18821.1   1.50247E-6
18834.5   8.32658E-7
18847.9   7.63223E-7
18861.3   1.27592E-6
18874.7   1.72699E-6
18888.1   9.22835E-7
18901.6   7.49051E-7
18915   1.20137E-6
18928.5   1.77211E-6
18941.9   9.29811E-7
18955.4   7.61799E-7
18968.9   1.30304E-6
18982.4   1.67561E-6
18995.9   8.5221E-7
19009.4   8.2021E-7
19022.9   1.61117E-6
19036.4   1.34788E-6
19050   7.68408E-7
19063.5   1.02974E-6
19077.1   1.86934E-6
19090.7   9.49194E-7
19104.2   8.06001E-7
19117.8   1.61729E-6
19131.4   1.30375E-6
19145   7.6958E-7
19158.7   1.22933E-6
19172.3   1.68214E-6
19185.9   8.14316E-7
19199.6   1.02157E-6
19213.2   1.88558E-6
19226.9   8.82481E-7
19240.6   9.33242E-7
19254.3   1.93185E-6
19267.9   9.30609E-7
19281.7   9.10772E-7
19295.4   1.94355E-6
19309.1   9.32868E-7
19322.8   9.36867E-7
19336.6   1.95241E-6
19350.3   8.90578E-7
19364.1   1.02579E-6
19377.9   1.86689E-6
19391.6   8.32391E-7
19405.4   1.22948E-6
19419.2   1.57236E-6
19433.1   8.05849E-7
19446.9   1.62705E-6
19460.7   1.17349E-6
19474.6   8.79263E-7
19488.4   2.0061E-6
19502.3   8.92124E-7
19516.1   1.19119E-6
19530   1.56962E-6
19543.9   8.26587E-7
19557.8   1.89267E-6
19571.7   9.84143E-7
19585.7   1.10035E-6
19599.6   1.67479E-6
19613.5   8.34761E-7
19627.5   1.95437E-6
19641.4   9.45868E-7
19655.4   1.24688E-6
19669.4   1.43034E-6
19683.4   8.96998E-7
19697.4   2.04745E-6
19711.4   8.51513E-7
19725.4   1.78168E-6
19739.4   1.01488E-6
19753.5   1.24134E-6
19767.5   1.39235E-6
19781.6   9.61148E-7
19795.7   1.89347E-6
19809.7   8.64429E-7
19823.8   2.11727E-6
19837.9   8.74108E-7
19852   1.89899E-6
19866.2   9.54497E-7
19880.3   1.57213E-6
19894.4   1.08415E-6
19908.6   1.32846E-6
19922.8   1.24018E-6
19936.9   1.17776E-6
19951.1   1.39427E-6
19965.3   1.09229E-6
19979.5   1.51863E-6
19993.7   1.04972E-6
20007.9   1.59405E-6
20022.2   1.03731E-6
20036.4   1.6116E-6
20050.7   1.05051E-6
20064.9   1.56942E-6
20079.2   1.09218E-6
20093.5   1.47198E-6
20107.8   1.1733E-6
20122.1   1.33372E-6
20136.4   1.31492E-6
20150.7   1.18034E-6
20165   1.54801E-6
20179.4   1.04236E-6
20193.7   1.8889E-6
20208.1   9.47001E-7
20222.5   2.21857E-6
20236.9   9.1826E-7
20251.2   2.16551E-6
20265.7   9.89907E-7
20280.1   1.67451E-6
20294.5   1.23351E-6
20308.9   1.20789E-6
20323.4   1.76696E-6
20337.8   9.69501E-7
20352.3   2.305E-6
20366.8   9.60774E-7
20381.3   1.81571E-6
20395.8   1.25478E-6
20410.3   1.16534E-6
20424.8   2.03098E-6
20439.3   9.49109E-7
20453.8   2.14291E-6
20468.4   1.14743E-6
20483   1.25881E-6
20497.5   1.99268E-6
20512.1   9.59828E-7
20526.7   2.07073E-6
20541.3   1.25962E-6
20555.9   1.13492E-6
20570.5   2.31975E-6
20585.2   1.00569E-6
20599.8   1.57191E-6
20614.5   1.7701E-6
20629.1   9.83321E-7
20643.8   2.09282E-6
20658.5   1.38312E-6
20673.2   1.05755E-6
20687.9   2.39099E-6
20702.6   1.20911E-6
20717.3   1.15075E-6
20732.1   2.45341E-6
20746.8   1.14917E-6
20761.6   1.20416E-6
20776.3   2.46517E-6
20791.1   1.15768E-6
20805.9   1.1887E-6
20820.7   2.48735E-6
20835.5   1.23649E-6
20850.3   1.11762E-6
20865.2   2.39569E-6
20880   1.43712E-6
20894.8   1.04199E-6
20909.7   2.0114E-6
20924.6   1.87079E-6
20939.5   1.03757E-6
20954.4   1.47829E-6
20969.3   2.48321E-6
20984.2   1.22482E-6
20999.1   1.11774E-6
21014   2.21238E-6
21029   1.86846E-6
21043.9   1.06566E-6
21058.9   1.35629E-6
21073.9   2.57561E-6
21088.9   1.53196E-6
21103.9   1.05527E-6
21118.9   1.5377E-6
21133.9   2.61325E-6
21149   1.47233E-6
21164   1.06577E-6
21179   1.518E-6
21194.1   2.63838E-6
21209.2   1.63636E-6
21224.3   1.08727E-6
21239.4   1.31935E-6
21254.5   2.4097E-6
21269.6   2.14093E-6
21284.7   1.22904E-6
21299.9   1.12077E-6
21315   1.69905E-6
21330.2   2.69851E-6
21345.4   1.81389E-6
21360.5   1.16758E-6
21375.7   1.16527E-6
21390.9   1.77156E-6
21406.1   2.72517E-6
21421.4   1.96901E-6
21436.6   1.2521E-6
21451.9   1.12611E-6
21467.1   1.46648E-6
21482.4   2.38234E-6
21497.7   2.62387E-6
21513   1.68772E-6
21528.3   1.20382E-6
21543.6   1.15396E-6
21558.9   1.47636E-6
21574.2   2.27006E-6
21589.6   2.80198E-6
21604.9   2.06896E-6
21620.3   1.41261E-6
21635.7   1.16626E-6
21651.1   1.2041E-6
21666.5   1.52376E-6
21681.9   2.19447E-6
21697.3   2.84273E-6
21712.7   2.52274E-6
21728.2   1.80908E-6
21743.6   1.36955E-6
21759.1   1.1914E-6
21774.6   1.1974E-6
21790.1   1.37215E-6
21805.6   1.74709E-6
21821.1   2.32671E-6
21836.6   2.85751E-6
21852.1   2.83717E-6
21867.7   2.34025E-6
21883.2   1.83622E-6
21898.8   1.49701E-6
21914.4   1.30494E-6
21930   1.21895E-6
21945.6   1.21266E-6
21961.2   1.27404E-6
21976.8   1.40039E-6
21992.4   1.59337E-6
22008.1   1.85261E-6
22023.7   2.16624E-6
22039.4   2.50003E-6
22055.1   2.79539E-6
22070.8   2.98928E-6
22086.4   3.04939E-6
22102.2   2.99075E-6
22117.9   2.85796E-6
22133.6   2.69654E-6
22149.4   2.5378E-6
22165.1   2.3981E-6
22180.9   2.28379E-6
22196.7   2.19592E-6
22212.4   2.13332E-6
22228.2   2.09435E-6
22244.1   2.07766E-6
22259.9   2.08257E-6
22275.7   2.10927E-6
22291.6   2.15876E-6
22307.4   2.23277E-6
22323.3   2.33342E-6
22339.2   2.46237E-6
22355   2.61909E-6
22370.9   2.79758E-6
22386.9   2.98118E-6
22402.8   3.13703E-6
22418.7   3.21614E-6
22434.7   3.16913E-6
22450.6   2.97741E-6
22466.6   2.67383E-6
22482.6   2.32573E-6
22498.6   1.99681E-6
22514.6   1.72487E-6
22530.6   1.52369E-6
22546.6   1.39465E-6
22562.6   1.33722E-6
22578.7   1.3561E-6
22594.8   1.46729E-6
22610.8   1.70421E-6
22626.9   2.11727E-6
22643   2.72023E-6
22659.1   3.27282E-6
22675.2   3.21453E-6
22691.4   2.56902E-6
22707.5   1.93269E-6
22723.7   1.54363E-6
22739.8   1.38238E-6
22756   1.42161E-6
22772.2   1.69871E-6
22788.4   2.32327E-6
22804.6   3.20512E-6
22820.8   3.27821E-6
22837   2.37305E-6
22853.3   1.68527E-6
22869.5   1.41607E-6
22885.8   1.48415E-6
22902.1   1.95956E-6
22918.4   2.97727E-6
22934.7   3.41247E-6
22951   2.35141E-6
22967.3   1.60834E-6
22983.6   1.42896E-6
23000   1.73737E-6
23016.4   2.744E-6
23032.7   3.513E-6
23049.1   2.33272E-6
23065.5   1.5613E-6
23081.9   1.49084E-6
23098.3   2.11247E-6
23114.8   3.47125E-6
23131.2   2.80398E-6
23147.7   1.68427E-6
23164.1   1.48822E-6
23180.6   2.12187E-6
23197.1   3.58164E-6
23213.6   2.57584E-6
23230.1   1.57869E-6
23246.6   1.61546E-6
23263.2   2.7789E-6
23279.7   3.43264E-6
23296.3   1.86407E-6
23312.8   1.51955E-6
23329.4   2.34699E-6
23346   3.69592E-6
23362.6   2.0292E-6
23379.2   1.52557E-6
23395.9   2.35872E-6
23412.5   3.69102E-6
23429.2   1.92087E-6
23445.8   1.57854E-6
23462.5   2.8212E-6
23479.2   3.24692E-6
23495.9   1.66298E-6
23512.6   1.83894E-6
23529.3   3.73981E-6
23546.1   2.25337E-6
23562.8   1.57821E-6
23579.6   2.838E-6
23596.3   3.12117E-6
23613.1   1.6142E-6
23629.9   2.22558E-6
23646.7   3.74341E-6
23663.6   1.74994E-6
23680.4   1.96934E-6
23697.2   3.93826E-6
23714.1   1.85891E-6
23731   1.90463E-6
23747.8   3.98015E-6
23764.7   1.86569E-6
23781.6   1.97466E-6
23798.5   3.96156E-6
23815.5   1.7739E-6
23832.4   2.22531E-6
23849.4   3.63348E-6
23866.3   1.66722E-6
23883.3   2.82155E-6
23900.3   2.83997E-6
23917.3   1.68752E-6
23934.3   3.84742E-6
23951.3   2.04442E-6
23968.4   2.0816E-6
23985.4   3.76933E-6
24002.5   1.68639E-6
24019.5   3.37184E-6
24036.6   2.29196E-6
24053.7   2.00778E-6
24070.8   3.85958E-6
24088   1.70439E-6
24105.1   3.72468E-6
24122.2   2.05996E-6
24139.4   2.40233E-6
24156.6   3.08536E-6
24173.8   1.82907E-6
24190.9   4.20997E-6
24208.2   1.74528E-6
24225.4   3.8741E-6
24242.6   1.96622E-6
24259.8   2.92107E-6
24277.1   2.4386E-6
24294.4   2.30131E-6
24311.7   3.09254E-6
24328.9   1.99022E-6
24346.3   3.74828E-6
24363.6   1.85329E-6
24380.9   4.19793E-6
24398.2   1.8067E-6
24415.6   4.39794E-6
24433   1.80177E-6
24450.3   4.45737E-6
24467.7   1.81046E-6
24485.1   4.48322E-6
24502.6   1.82073E-6
24520   4.50137E-6
24537.4   1.83611E-6
24554.9   4.44412E-6
24572.3   1.87639E-6
24589.8   4.17921E-6
24607.3   1.9805E-6
24624.8   3.63695E-6
24642.3   2.21669E-6
24659.9   2.9499E-6
24677.4   2.70517E-6
24695   2.35161E-6
24712.5   3.6025E-6
24730.1   1.98463E-6
24747.7   4.60365E-6
24765.3   1.90912E-6
24782.9   4.1632E-6
24800.5   2.24425E-6
24818.2   2.79191E-6
24835.8   3.33476E-6
24853.5   2.0373E-6
24871.2   4.76281E-6
24888.9   2.01035E-6
24906.6   3.43816E-6
24924.3   2.94692E-6
24942   2.14261E-6
24959.8   4.8147E-6
24977.5   2.06378E-6
24995.3   3.17704E-6
25013.1   3.47327E-6
25030.8   2.01655E-6
25048.6   4.56719E-6
25066.5   2.52692E-6
25084.3   2.33194E-6
25102.1   4.9109E-6
25120   2.18193E-6
25137.9   2.76584E-6
25155.7   4.5305E-6
25173.6   2.0868E-6
25191.5   3.07927E-6
25209.5   4.31393E-6
25227.4   2.08557E-6
25245.3   3.11076E-6
25263.3   4.47617E-6
25281.3   2.1441E-6
25299.2   2.84992E-6
25317.2   4.9477E-6
25335.2   2.33578E-6
25353.3   2.44591E-6
25371.3   5.08932E-6
25389.3   2.88931E-6
25407.4   2.14687E-6
25425.5   3.95262E-6
25443.6   4.24629E-6
25461.7   2.22641E-6
25479.8   2.61465E-6
25497.9   5.16619E-6
25516   3.22953E-6
25534.2   2.1515E-6
25552.3   3.10874E-6
25570.5   5.33437E-6
25588.7   2.98369E-6
25606.9   2.1783E-6
25625.1   3.15606E-6
25643.4   5.40591E-6
25661.6   3.28478E-6
25679.8   2.21962E-6
25698.1   2.72917E-6
25716.4   4.9654E-6
25734.7   4.39801E-6
25753   2.53974E-6
25771.3   2.28562E-6
25789.6   3.35879E-6
25808   5.49082E-6
25826.3   4.0249E-6
25844.7   2.51337E-6
25863.1   2.31178E-6
25881.5   3.18024E-6
25899.9   5.22361E-6
25918.3   4.91453E-6
25936.8   3.0444E-6
25955.2   2.34032E-6
25973.7   2.4919E-6
25992.1   3.53823E-6
26010.6   5.39524E-6
26029.1   5.20583E-6
26047.6   3.45929E-6
26066.2   2.54789E-6
26084.7   2.35908E-6
26103.3   2.73084E-6
26121.8   3.77931E-6
26140.4   5.37065E-6
26159   5.72181E-6
26177.6   4.34769E-6
26196.2   3.16063E-6
26214.9   2.57389E-6
26233.5   2.41027E-6
26252.2   2.57058E-6
26270.9   3.06323E-6
26289.5   3.9437E-6
26308.2   5.11994E-6
26327   5.98458E-6
26345.7   5.80101E-6
26364.4   4.88046E-6
26383.2   3.9519E-6
26401.9   3.28531E-6
26420.7   2.86641E-6
26439.5   2.62944E-6
26458.3   2.52225E-6
26477.1   2.51114E-6
26496   2.57487E-6
26514.8   2.69905E-6
26533.7   2.87207E-6
26552.6   3.08251E-6
26571.4   3.31761E-6
26590.3   3.56289E-6
26609.3   3.80293E-6
26628.2   4.02267E-6
26647.1   4.209E-6
26666.1   4.3518E-6
26685   4.44416E-6
26704   4.4821E-6
26723   4.46409E-6
26742   4.39086E-6
26761   4.26578E-6
26780.1   4.09538E-6
26799.1   3.88977E-6
26818.2   3.66233E-6
26837.3   3.42868E-6
26856.4   3.20507E-6
26875.5   3.00694E-6
26894.6   2.84832E-6
26913.7   2.74237E-6
26932.9   2.70313E-6
26952   2.74881E-6
26971.2   2.90672E-6
26990.4   3.22028E-6
27009.6   3.75572E-6
27028.8   4.59062E-6
27048   5.70947E-6
27067.2   6.68656E-6
27086.5   6.64135E-6
27105.8   5.50407E-6
27125   4.22432E-6
27144.3   3.34471E-6
27163.6   2.89913E-6
27183   2.83278E-6
27202.3   3.17564E-6
27221.6   4.10182E-6
27241   5.77748E-6
27260.4   7.04487E-6
27279.8   5.80742E-6
27299.2   4.008E-6
27318.6   3.07701E-6
27338   2.90901E-6
27357.5   3.48942E-6
27376.9   5.17701E-6
27396.4   7.172E-6
27415.9   5.70475E-6
27435.4   3.67445E-6
27454.9   2.96164E-6
27474.4   3.31586E-6
27494   5.09289E-6
27513.5   7.34468E-6
27533.1   5.17281E-6
27552.7   3.30638E-6
27572.3   3.07307E-6
27591.9   4.40926E-6
27611.5   7.31561E-6
27631.2   5.4459E-6
27650.8   3.31179E-6
27670.5   3.21704E-6
27690.2   5.2324E-6
27709.9   7.43003E-6
27729.6   4.19849E-6
27749.3   3.09255E-6
27769   4.27343E-6
27788.8   7.64103E-6
27808.6   4.75587E-6
27828.3   3.14386E-6
27848.1   4.2637E-6
27867.9   7.78141E-6
27887.8   4.44648E-6
27907.6   3.18516E-6
27927.5   5.16399E-6
27947.3   7.32488E-6
27967.2   3.61943E-6
27987.1   3.61861E-6
28007   7.49146E-6
28026.9   4.89285E-6
28046.9   3.2643E-6
28066.8   5.87093E-6
28086.8   6.36042E-6
28106.7   3.32231E-6
28126.7   4.9788E-6
28146.7   7.25293E-6
28166.8   3.43839E-6
28186.8   4.76276E-6
28206.9   7.43063E-6
28226.9   3.45113E-6
28247   5.09191E-6
28267.1   6.90378E-6
28287.2   3.39363E-6
28307.3   6.14516E-6
28327.4   5.62644E-6
28347.6   3.50037E-6
28367.8   8.00154E-6
28387.9   4.2125E-6
28408.1   4.28306E-6
28428.3   7.85642E-6
28448.6   3.49415E-6
28468.8   6.86846E-6
28489   4.81741E-6
28509.3   4.1213E-6
28529.6   8.0612E-6
28549.9   3.5373E-6
28570.2   7.76613E-6
28590.5   4.23505E-6
28610.8   5.12466E-6
28631.2   6.1483E-6
28651.6   3.90856E-6
28671.9   8.47425E-6
28692.3   3.61989E-6
28712.7   8.70647E-6
28733.2   3.82959E-6
28753.6   7.26288E-6
28774.1   4.34164E-6
28794.5   5.98567E-6
28815   4.99889E-6
28835.5   5.23123E-6
28856   5.62259E-6
28876.5   4.85717E-6
28897.1   6.04724E-6
28917.6   4.73688E-6
28938.2   6.17166E-6
28958.8   4.81998E-6
28979.4   5.97046E-6
29000   5.12957E-6
