2000 
    Freq test
7000   0.0708619
7004.98   0.119978
7009.96   0.0916671
7014.95   0.082806
7019.94   0.136184
7024.93   0.0687793
7029.93   0.153661
7034.93   0.0747226
7039.93   0.107061
7044.94   0.105912
7049.95   0.0752398
7054.97   0.154965
7059.98   0.0696572
7065.01   0.131886
7070.03   0.0893462
7075.06   0.0847391
7080.09   0.141149
7085.13   0.0694241
7090.17   0.147572
7095.21   0.082304
7100.26   0.0924866
7105.31   0.131899
7110.36   0.0703415
7115.42   0.153505
7120.48   0.0806999
7125.55   0.0949974
7130.61   0.131708
7135.69   0.0707099
7140.76   0.152427
7145.84   0.0832956
7150.92   0.0912825
7156.01   0.140916
7161.1   0.0707013
7166.19   0.142684
7171.29   0.0915254
7176.39   0.0831961
7181.5   0.156878
7186.61   0.0724423
7191.72   0.12175
7196.83   0.109896
7201.95   0.0749509
7207.07   0.163024
7212.2   0.0804453
7217.33   0.0959543
7222.46   0.14324
7227.6   0.0719229
7232.74   0.134862
7237.89   0.10368
7243.04   0.0771541
7248.19   0.16528
7253.34   0.0814551
7258.5   0.0945037
7263.67   0.150982
7268.83   0.0732934
7274   0.12307
7279.18   0.118783
7284.35   0.0740097
7289.54   0.153873
7294.72   0.0953907
7299.91   0.08116
7305.1   0.168109
7310.3   0.0823629
7315.5   0.0934382
7320.7   0.159702
7325.91   0.0761554
7331.12   0.109297
7336.33   0.141697
7341.55   0.0740702
7346.77   0.126264
7352   0.125165
7357.23   0.0743742
7362.46   0.141394
7367.7   0.113272
7372.94   0.0758657
7378.19   0.152627
7383.43   0.105733
7388.69   0.0776391
7393.94   0.159574
7399.2   0.101653
7404.46   0.0790236
7409.73   0.16296
7415   0.100373
7420.27   0.0796079
7425.55   0.163485
7430.83   0.101647
7436.12   0.0792814
7441.41   0.161094
7446.7   0.105664
7452   0.0782528
7457.3   0.154984
7462.6   0.11305
7467.91   0.077035
7473.22   0.144339
7478.54   0.124788
7483.86   0.0764174
7489.18   0.129533
7494.51   0.141636
7499.84   0.077478
7505.18   0.112719
7510.51   0.161832
7515.86   0.081724
7521.2   0.0969977
7526.55   0.176116
7531.91   0.091463
7537.26   0.0850121
7542.62   0.168823
7547.99   0.110287
7553.36   0.0785065
7558.73   0.139443
7564.11   0.141545
7569.49   0.0791278
7574.87   0.107564
7580.26   0.174601
7585.65   0.0900473
7591.05   0.0864987
7596.45   0.168514
7601.85   0.117729
7607.26   0.0786706
7612.67   0.12524
7618.08   0.163582
7623.5   0.0856018
7628.93   0.0916193
7634.35   0.175327
7639.78   0.11474
7645.22   0.0794152
7650.65   0.125036
7656.1   0.168805
7661.54   0.0889692
7666.99   0.0881181
7672.45   0.166392
7677.9   0.130767
7683.36   0.0806438
7688.83   0.107309
7694.3   0.183115
7699.77   0.104851
7705.25   0.0813229
7710.73   0.132143
7716.21   0.170306
7721.7   0.091815
7727.19   0.0864054
7732.69   0.154966
7738.19   0.151714
7743.7   0.0860497
7749.2   0.0926438
7754.72   0.169901
7760.23   0.139236
7765.75   0.0839713
7771.27   0.0973833
7776.8   0.176758
7782.33   0.134359
7787.87   0.0837344
7793.41   0.0988593
7798.95   0.177661
7804.5   0.136706
7810.05   0.084765
7815.61   0.096627
7821.17   0.172559
7826.73   0.146602
7832.3   0.0876626
7837.87   0.0917005
7843.44   0.15909
7849.02   0.16439
7854.6   0.0943727
7860.19   0.0863369
7865.78   0.137062
7871.38   0.185019
7876.98   0.108757
7882.58   0.0836356
7888.19   0.11231
7893.8   0.187636
7899.41   0.137022
7905.03   0.0876788
7910.65   0.0929944
7916.28   0.154661
7921.91   0.178783
7927.55   0.105398
7933.19   0.0846476
7938.83   0.112639
7944.48   0.186551
7950.13   0.148429
7955.78   0.0926135
7961.44   0.0886242
7967.1   0.133385
7972.77   0.194042
7978.44   0.130076
7984.12   0.0885215
7989.8   0.0933286
7995.48   0.146472
8001.17   0.192685
8006.86   0.12419
8012.55   0.0880796
8018.25   0.0948935
8023.96   0.147774
8029.66   0.194556
8035.37   0.128728
8041.09   0.0899475
8046.81   0.092447
8052.53   0.136953
8058.26   0.197247
8063.99   0.145326
8069.73   0.0960538
8075.47   0.0884815
8081.21   0.117453
8086.96   0.184252
8092.71   0.176346
8098.47   0.112519
8104.23   0.0883629
8109.99   0.0979478
8115.76   0.145746
8121.54   0.199919
8127.31   0.151111
8133.09   0.101097
8138.88   0.0884376
8144.67   0.106252
8150.46   0.160813
8156.26   0.200224
8162.06   0.14458
8167.87   0.0999294
8173.68   0.0891438
8179.49   0.106193
8185.31   0.157069
8191.13   0.202752
8196.96   0.156573
8202.79   0.107074
8208.62   0.089976
8214.46   0.098311
8220.3   0.135456
8226.15   0.193987
8232   0.187509
8237.86   0.129807
8243.72   0.0972409
8249.58   0.090883
8255.45   0.107099
8261.32   0.150975
8267.2   0.202464
8273.08   0.181654
8278.96   0.127541
8284.85   0.097923
8290.74   0.0914407
8296.64   0.104729
8302.54   0.14191
8308.45   0.194963
8314.36   0.198724
8320.27   0.147931
8326.19   0.109148
8332.11   0.0932522
8338.04   0.0951013
8343.97   0.114833
8349.91   0.156211
8355.84   0.203047
8361.79   0.197044
8367.74   0.148968
8373.69   0.112289
8379.64   0.0954469
8385.6   0.0940384
8391.57   0.107068
8397.54   0.137429
8403.51   0.183184
8409.49   0.211432
8415.47   0.185829
8421.46   0.141484
8427.45   0.111002
8433.44   0.0965217
8439.44   0.094551
8445.44   0.104081
8451.45   0.12688
8457.46   0.16418
8463.48   0.20365
8469.5   0.210717
8475.52   0.178216
8481.55   0.139661
8487.58   0.11316
8493.62   0.099188
8499.66   0.0951245
8505.71   0.0997172
8511.76   0.113463
8517.81   0.137863
8523.87   0.172271
8529.93   0.205853
8536   0.215579
8542.07   0.193565
8548.15   0.159498
8554.23   0.130694
8560.31   0.111449
8566.4   0.100638
8572.5   0.0966135
8578.59   0.0984701
8584.7   0.106129
8590.8   0.120143
8596.91   0.141166
8603.03   0.168514
8609.15   0.197348
8615.27   0.216992
8621.4   0.217175
8627.53   0.198974
8633.67   0.172972
8639.81   0.148336
8645.95   0.128829
8652.1   0.114843
8658.26   0.105641
8664.42   0.10038
8670.58   0.0984286
8676.75   0.0994053
8682.92   0.103142
8689.1   0.109629
8695.28   0.118949
8701.46   0.131175
8707.65   0.146216
8713.84   0.16358
8720.04   0.182116
8726.25   0.199854
8732.45   0.214238
8738.66   0.22288
8744.88   0.224541
8751.1   0.219642
8757.32   0.209903
8763.55   0.197482
8769.79   0.184242
8776.02   0.17145
8782.27   0.159804
8788.51   0.149591
8794.77   0.140852
8801.02   0.133497
8807.28   0.127381
8813.55   0.122343
8819.81   0.118228
8826.09   0.114895
8832.37   0.112221
8838.65   0.110096
8844.94   0.10843
8851.23   0.107143
8857.52   0.106167
8863.82   0.105446
8870.13   0.104933
8876.44   0.104589
8882.75   0.104382
8889.07   0.10429
8895.39   0.104295
8901.72   0.104388
8908.05   0.104568
8914.39   0.104839
8920.73   0.105214
8927.07   0.105712
8933.42   0.10636
8939.78   0.107193
8946.14   0.108256
8952.5   0.109602
8958.87   0.111294
8965.24   0.11341
8971.62   0.116038
8978   0.119285
8984.39   0.123272
8990.78   0.128141
8997.17   0.134055
9003.57   0.141186
9009.98   0.149711
9016.38   0.159779
9022.8   0.171453
9029.21   0.184618
9035.64   0.198822
9042.06   0.213093
9048.5   0.225787
9054.93   0.234682
9061.37   0.237501
9067.82   0.232854
9074.27   0.221047
9080.72   0.204074
9087.18   0.184734
9093.65   0.16558
9100.11   0.14835
9106.59   0.133935
9113.07   0.122646
9119.55   0.11449
9126.03   0.109395
9132.53   0.107345
9139.02   0.10848
9145.52   0.113163
9152.03   0.122037
9158.54   0.136029
9165.05   0.156121
9171.57   0.182468
9178.09   0.212153
9184.62   0.236241
9191.16   0.241881
9197.69   0.224314
9204.24   0.193306
9210.78   0.162037
9217.33   0.137404
9223.89   0.120819
9230.45   0.111688
9237.02   0.109387
9243.59   0.114014
9250.16   0.126675
9256.74   0.14938
9263.33   0.183406
9269.92   0.222924
9276.51   0.245961
9283.11   0.230765
9289.71   0.19072
9296.32   0.152587
9302.93   0.126916
9309.55   0.113648
9316.17   0.111206
9322.8   0.119627
9329.43   0.141207
9336.06   0.178993
9342.71   0.226583
9349.35   0.248941
9356   0.218311
9362.66   0.169126
9369.31   0.133511
9375.98   0.115615
9382.65   0.112782
9389.32   0.124898
9396   0.155712
9402.68   0.206969
9409.37   0.24994
9416.07   0.229107
9422.76   0.173171
9429.47   0.132865
9436.17   0.115051
9442.88   0.11614
9449.6   0.137286
9456.32   0.184147
9463.05   0.242929
9469.78   0.241399
9476.52   0.180894
9483.26   0.134425
9490   0.115467
9496.75   0.119509
9503.51   0.149045
9510.27   0.209331
9517.03   0.255932
9523.8   0.210837
9530.58   0.148896
9537.35   0.119237
9544.14   0.117966
9550.93   0.145513
9557.72   0.208857
9564.52   0.257785
9571.32   0.203602
9578.13   0.141547
9584.94   0.117218
9591.76   0.124675
9598.58   0.168566
9605.41   0.244111
9612.24   0.238793
9619.08   0.16243
9625.92   0.122316
9632.77   0.120512
9639.62   0.157284
9646.48   0.236061
9653.34   0.245823
9660.21   0.16508
9667.08   0.122542
9673.95   0.122886
9680.83   0.167614
9687.72   0.251275
9694.61   0.227957
9701.51   0.147881
9708.41   0.118992
9715.31   0.135574
9722.22   0.20654
9729.14   0.262237
9736.06   0.179782
9742.99   0.125616
9749.92   0.125024
9756.85   0.179178
9763.79   0.264188
9770.74   0.201402
9777.69   0.131769
9784.64   0.122943
9791.6   0.171951
9798.57   0.263624
9805.54   0.20411
9812.51   0.131663
9819.49   0.12486
9826.47   0.181948
9833.46   0.268591
9840.46   0.187096
9847.46   0.126022
9854.46   0.133016
9861.47   0.213024
9868.49   0.258441
9875.51   0.156965
9882.53   0.122059
9889.56   0.157661
9896.59   0.261514
9903.63   0.207168
9910.68   0.130152
9917.73   0.133042
9924.78   0.218722
9931.84   0.252443
9938.91   0.147568
9945.98   0.124945
9953.05   0.185323
9960.13   0.272223
9967.21   0.166231
9974.3   0.12389
9981.4   0.168209
9988.5   0.274381
9995.6   0.178854
10002.7   0.124756
10009.8   0.162904
10016.9   0.2744
10024.1   0.181072
10031.2   0.125242
10038.3   0.167221
10045.5   0.277091
10052.6   0.17226
10059.8   0.125677
10066.9   0.182744
10074.1   0.274391
10081.3   0.155623
10088.4   0.12912
10095.6   0.214264
10102.8   0.249353
10110   0.137946
10117.2   0.141946
10124.4   0.260868
10131.6   0.200154
10138.8   0.127676
10146   0.176142
10153.2   0.278052
10160.4   0.152861
10167.6   0.134613
10174.9   0.244952
10182.1   0.214636
10189.4   0.129301
10196.6   0.176795
10203.9   0.277715
10211.1   0.148337
10218.4   0.141156
10225.6   0.268228
10232.9   0.188006
10240.2   0.129707
10247.5   0.216584
10254.8   0.238948
10262.1   0.132451
10269.4   0.175964
10276.7   0.277686
10284   0.14398
10291.3   0.152681
10298.6   0.286825
10305.9   0.160332
10313.3   0.140825
10320.6   0.275292
10327.9   0.177504
10335.3   0.13546
10342.6   0.259917
10350   0.19165
10357.4   0.133513
10364.7   0.249659
10372.1   0.19994
10379.5   0.133244
10386.9   0.247251
10394.3   0.200961
10401.6   0.133961
10409   0.253176
10416.4   0.194576
10423.9   0.135956
10431.3   0.266788
10438.7   0.181928
10446.1   0.140563
10453.5   0.284366
10461   0.165658
10468.4   0.150376
10475.9   0.294513
10483.3   0.149627
10490.8   0.16978
10498.2   0.279136
10505.7   0.138071
10513.2   0.205225
10520.7   0.234653
10528.1   0.135293
10535.6   0.259135
10543.1   0.183919
10550.6   0.147116
10558.1   0.29776
10565.6   0.148643
10573.2   0.184295
10580.7   0.256543
10588.2   0.136214
10595.7   0.257167
10603.3   0.182877
10610.8   0.152608
10618.4   0.2972
10625.9   0.142218
10633.5   0.215511
10641   0.216006
10648.6   0.14307
10656.2   0.30036
10663.8   0.149548
10671.3   0.199958
10678.9   0.230478
10686.5   0.142049
10694.1   0.300815
10701.7   0.149988
10709.3   0.206325
10717   0.220811
10724.6   0.146466
10732.2   0.304412
10739.9   0.143844
10747.5   0.237153
10755.1   0.190671
10762.8   0.162562
10770.4   0.280862
10778.1   0.140127
10785.8   0.291599
10793.4   0.156372
10801.1   0.209013
10808.8   0.212276
10816.5   0.156346
10824.2   0.291071
10831.9   0.14116
10839.6   0.296581
10847.3   0.153414
10855   0.227791
10862.7   0.192532
10870.5   0.173353
10878.2   0.255837
10885.9   0.147796
10893.7   0.307577
10901.4   0.142843
10909.2   0.295529
10916.9   0.153626
10924.7   0.243171
10932.5   0.178871
10940.2   0.196588
10948   0.217429
10955.8   0.167099
10963.6   0.263051
10971.4   0.151342
10979.2   0.300805
10987   0.145026
10994.8   0.315209
11002.7   0.145209
11010.5   0.305235
11018.3   0.14993
11026.2   0.282566
11034   0.157702
11041.8   0.258357
11049.7   0.167192
11057.6   0.237965
11065.4   0.177109
11073.3   0.222728
11081.2   0.18623
11089.1   0.212356
11096.9   0.193499
11104.8   0.206201
11112.7   0.19813
11120.6   0.203736
11128.5   0.199654
11136.5   0.204715
11144.4   0.197935
11152.3   0.209216
11160.2   0.193174
11168.2   0.217634
11176.1   0.185911
11184.1   0.230626
11192   0.177014
11200   0.248877
11208   0.167617
11215.9   0.272387
11223.9   0.159015
11231.9   0.298746
11239.9   0.152585
11247.9   0.320347
11255.9   0.149796
11263.9   0.324025
11271.9   0.152411
11279.9   0.30044
11287.9   0.162907
11296   0.256887
11304   0.185077
11312   0.211359
11320.1   0.223931
11328.1   0.176526
11336.2   0.279893
11344.3   0.156504
11352.3   0.326382
11360.4   0.152328
11368.5   0.309034
11376.6   0.166966
11384.7   0.241427
11392.8   0.208311
11400.9   0.1841
11409   0.281507
11417.1   0.156283
11425.2   0.332153
11433.3   0.157559
11441.5   0.273773
11449.6   0.193954
11457.8   0.194148
11465.9   0.27696
11474.1   0.157198
11482.2   0.333091
11490.4   0.162831
11498.6   0.249503
11506.7   0.220571
11514.9   0.173421
11523.1   0.323584
11531.3   0.156195
11539.5   0.288253
11547.7   0.198319
11555.9   0.186532
11564.2   0.310155
11572.4   0.156274
11580.6   0.297438
11588.9   0.198055
11597.1   0.185421
11605.3   0.31972
11613.6   0.158048
11621.9   0.277138
11630.1   0.219163
11638.4   0.171646
11646.7   0.340309
11655   0.167489
11663.3   0.228793
11671.5   0.274182
11679.8   0.159081
11688.2   0.310463
11696.5   0.204574
11704.8   0.177914
11713.1   0.342409
11721.4   0.170989
11729.8   0.217216
11738.1   0.302692
11746.5   0.160319
11754.8   0.267559
11763.2   0.252242
11771.6   0.162117
11779.9   0.312171
11788.3   0.217898
11796.7   0.170024
11805.1   0.338075
11813.5   0.198457
11821.9   0.179332
11830.3   0.347159
11838.7   0.188912
11847.1   0.186329
11855.6   0.348963
11864   0.185979
11872.4   0.188623
11880.9   0.349948
11889.3   0.188446
11897.8   0.185566
11906.2   0.34998
11914.7   0.197063
11923.2   0.178396
11931.7   0.342246
11940.2   0.214673
11948.7   0.170049
11957.2   0.316879
11965.7   0.246259
11974.2   0.164748
11982.7   0.2722
11991.2   0.295831
11999.7   0.167984
12008.3   0.221911
12016.8   0.347594
12025.4   0.187949
12033.9   0.183341
12042.5   0.340118
12051   0.238407
12059.6   0.166433
12068.2   0.261167
12076.8   0.324729
12085.4   0.179361
12094   0.191902
12102.6   0.347273
12111.2   0.241354
12119.8   0.167344
12128.4   0.244853
12137   0.348827
12145.7   0.196527
12154.3   0.176142
12163   0.300739
12171.6   0.3067
12180.3   0.178967
12188.9   0.191091
12197.6   0.335599
12206.3   0.277235
12215   0.173703
12223.6   0.201601
12232.3   0.3479
12241   0.269304
12249.7   0.173734
12258.5   0.20163
12267.2   0.344263
12275.9   0.282377
12284.6   0.17811
12293.4   0.191509
12302.1   0.320611
12310.9   0.31747
12319.6   0.191751
12328.4   0.17796
12337.2   0.271792
12345.9   0.361592
12354.7   0.227239
12363.5   0.172444
12372.3   0.214741
12381.1   0.348671
12389.9   0.303495
12398.7   0.191747
12407.5   0.177962
12416.4   0.255339
12425.2   0.370592
12434   0.266985
12442.9   0.1824
12451.7   0.184883
12460.6   0.272987
12469.4   0.372273
12478.3   0.264651
12487.2   0.184149
12496.1   0.183095
12505   0.258605
12513.9   0.371296
12522.8   0.296055
12531.7   0.198591
12540.6   0.176669
12549.5   0.220018
12558.4   0.332167
12567.4   0.358804
12576.3   0.24517
12585.2   0.183644
12594.2   0.183901
12603.2   0.243863
12612.1   0.354308
12621.1   0.349456
12630.1   0.241843
12639.1   0.185366
12648   0.182705
12657   0.230672
12666   0.330974
12675.1   0.375177
12684.1   0.283337
12693.1   0.205816
12702.1   0.179487
12711.2   0.194847
12720.2   0.255464
12729.2   0.351589
12738.3   0.372825
12747.4   0.285477
12756.4   0.212503
12765.5   0.18256
12774.6   0.18732
12783.7   0.22668
12792.8   0.304021
12801.9   0.379325
12811   0.357118
12820.1   0.273908
12829.2   0.212751
12838.3   0.18533
12847.5   0.184982
12856.6   0.21016
12865.7   0.264136
12874.9   0.340097
12884   0.387776
12893.2   0.354113
12902.4   0.282322
12911.6   0.225852
12920.7   0.194501
12929.9   0.183887
12939.1   0.19081
12948.3   0.21535
12957.5   0.259217
12966.8   0.319525
12976   0.375613
12985.2   0.390001
12994.4   0.35294
13003.7   0.296225
13012.9   0.247356
13022.2   0.213901
13031.5   0.19451
13040.7   0.18655
13050   0.188262
13059.3   0.198964
13068.6   0.218733
13077.9   0.247801
13087.2   0.28541
13096.5   0.327959
13105.8   0.367345
13115.1   0.392393
13124.5   0.395236
13133.8   0.377209
13143.1   0.346902
13152.5   0.313457
13161.8   0.282621
13171.2   0.256761
13180.6   0.23624
13189.9   0.220559
13199.3   0.208972
13208.7   0.200745
13218.1   0.19524
13227.5   0.19193
13236.9   0.190378
13246.3   0.190218
13255.8   0.191139
13265.2   0.192867
13274.6   0.195156
13284.1   0.197784
13293.5   0.200548
13303   0.203266
13312.4   0.205776
13321.9   0.20794
13331.4   0.209647
13340.9   0.210813
13350.3   0.211386
13359.8   0.211344
13369.3   0.210699
13378.9   0.209493
13388.4   0.207803
13397.9   0.205732
13407.4   0.203413
13417   0.201006
13426.5   0.198692
13436.1   0.196678
13445.6   0.19519
13455.2   0.194482
13464.7   0.194837
13474.3   0.19658
13483.9   0.200092
13493.5   0.205827
13503.1   0.214339
13512.7   0.226297
13522.3   0.24248
13531.9   0.263701
13541.6   0.29055
13551.2   0.322781
13560.8   0.358133
13570.5   0.390819
13580.1   0.411305
13589.8   0.410202
13599.4   0.385483
13609.1   0.345071
13618.8   0.300831
13628.5   0.261572
13638.2   0.231294
13647.9   0.210919
13657.6   0.200297
13667.3   0.199458
13677   0.209298
13686.8   0.231909
13696.5   0.270244
13706.2   0.325161
13716   0.385797
13725.7   0.41873
13735.5   0.393578
13745.3   0.329961
13755.1   0.268034
13764.8   0.225721
13774.6   0.204391
13784.4   0.202487
13794.2   0.221071
13804   0.264827
13813.9   0.336318
13823.7   0.409048
13833.5   0.410959
13843.4   0.336473
13853.2   0.260602
13863.1   0.216238
13872.9   0.202792
13882.8   0.218794
13892.7   0.270066
13902.5   0.358694
13912.4   0.425118
13922.3   0.373477
13932.2   0.278197
13942.1   0.220235
13952.1   0.204512
13962   0.228503
13971.9   0.300937
13981.9   0.405208
13991.8   0.407497
14001.8   0.301005
14011.7   0.226356
14021.7   0.205894
14031.6   0.235508
14041.6   0.32582
14051.6   0.427346
14061.6   0.366255
14071.6   0.2556
14081.6   0.209033
14091.6   0.223143
14101.7   0.306066
14111.7   0.424781
14121.7   0.369568
14131.8   0.251365
14141.8   0.208531
14151.9   0.236866
14162   0.347814
14172   0.432097
14182.1   0.309576
14192.2   0.220633
14202.3   0.217701
14212.4   0.302992
14222.5   0.433564
14232.6   0.340124
14242.7   0.228708
14252.9   0.216013
14263   0.30148
14273.2   0.436787
14283.3   0.327004
14293.5   0.222011
14303.6   0.225646
14313.8   0.342659
14324   0.430408
14334.2   0.276566
14344.4   0.212328
14354.6   0.264875
14364.8   0.424777
14375   0.347375
14385.2   0.224338
14395.5   0.232856
14405.7   0.377143
14416   0.397473
14426.2   0.240581
14436.5   0.222829
14446.7   0.350988
14457   0.416015
14467.3   0.247388
14477.6   0.222475
14487.9   0.354699
14498.2   0.409046
14508.5   0.24017
14518.8   0.230242
14529.1   0.388451
14539.5   0.372072
14549.8   0.225012
14560.2   0.255016
14570.5   0.439159
14580.9   0.305918
14591.3   0.217107
14601.6   0.31861
14612   0.428699
14622.4   0.242308
14632.8   0.240538
14643.2   0.429049
14653.6   0.314035
14664.1   0.218728
14674.5   0.33895
14684.9   0.403502
14695.4   0.228187
14705.8   0.273977
14716.3   0.451864
14726.8   0.254871
14737.2   0.241715
14747.7   0.443071
14758.2   0.287589
14768.7   0.228208
14779.2   0.415047
14789.7   0.315595
14800.3   0.223791
14810.8   0.395293
14821.3   0.33111
14831.9   0.223216
14842.4   0.391794
14853   0.330728
14863.5   0.224635
14874.1   0.405522
14884.7   0.314569
14895.3   0.229372
14905.9   0.433403
14916.5   0.286473
14927.1   0.242179
14937.7   0.459425
14948.3   0.254845
14959   0.272232
14969.6   0.444836
14980.2   0.230937
14990.9   0.333902
15001.6   0.369309
15012.2   0.226719
15022.9   0.428366
15033.6   0.281707
15044.3   0.258778
15055   0.454556
15065.7   0.23182
15076.4   0.355486
15087.1   0.336475
15097.9   0.238146
15108.6   0.466469
15119.4   0.242294
15130.1   0.331836
15140.9   0.353552
15151.6   0.237552
15162.4   0.468539
15173.2   0.239236
15184   0.35607
15194.8   0.323286
15205.6   0.253663
15216.4   0.453074
15227.2   0.229891
15238.1   0.431246
15248.9   0.265402
15259.8   0.314072
15270.6   0.357038
15281.5   0.247581
15292.3   0.458981
15303.2   0.231041
15314.1   0.45208
15325   0.250481
15335.9   0.363446
15346.8   0.301264
15357.7   0.290238
15368.6   0.376117
15379.6   0.250339
15390.5   0.447886
15401.5   0.234601
15412.4   0.476863
15423.4   0.234758
15434.4   0.455857
15445.3   0.245504
15456.3   0.412799
15467.3   0.262915
15478.3   0.371505
15489.3   0.283403
15500.3   0.340235
15511.4   0.303483
15522.4   0.31929
15533.4   0.320086
15544.5   0.306927
15555.5   0.330962
15566.6   0.301573
15577.7   0.334826
15588.8   0.302422
15599.9   0.331276
15611   0.309557
15622.1   0.320732
15633.2   0.323955
15644.3   0.304523
15655.4   0.347347
15666.6   0.284985
15677.7   0.381514
15688.8   0.265291
15700   0.425661
15711.2   0.249059
15722.3   0.469707
15733.5   0.240072
15744.7   0.487097
15755.9   0.242632
15767.1   0.451172
15778.3   0.262781
15789.6   0.375544
15800.8   0.309884
15812   0.301924
15823.3   0.392423
15834.5   0.255179
15845.8   0.479992
15857.1   0.241863
15868.4   0.462888
15879.6   0.268672
15890.9   0.350748
15902.2   0.352601
15913.6   0.266781
15924.9   0.475268
15936.2   0.24351
15947.5   0.449777
15958.9   0.287387
15970.2   0.312064
15981.6   0.418744
15993   0.246796
16004.3   0.484269
16015.7   0.271715
16027.1   0.330663
16038.5   0.408969
16049.9   0.247901
16061.3   0.479539
16072.8   0.283625
16084.2   0.306949
16095.6   0.454148
16107.1   0.24675
16118.5   0.422663
16130   0.338646
16141.5   0.263085
16153   0.499388
16164.4   0.274736
16175.9   0.312047
16187.4   0.468623
16199   0.251735
16210.5   0.375186
16222   0.405378
16233.6   0.249016
16245.1   0.429808
16256.7   0.36064
16268.2   0.253918
16279.8   0.462316
16291.4   0.338563
16303   0.25855
16314.6   0.473882
16326.2   0.334797
16337.8   0.258925
16349.4   0.468155
16361   0.348202
16372.7   0.255274
16384.3   0.442325
16396   0.382133
16407.6   0.252088
16419.3   0.393113
16431   0.440108
16442.7   0.257993
16454.4   0.330602
16466.1   0.501972
16477.8   0.287098
16489.5   0.277448
16501.2   0.487284
16513   0.36224
16524.7   0.254301
16536.5   0.374405
16548.2   0.48461
16560   0.281485
16571.8   0.278853
16583.6   0.476339
16595.4   0.39626
16607.2   0.258666
16619   0.321241
16630.8   0.513926
16642.6   0.345816
16654.5   0.256658
16666.3   0.351225
16678.2   0.515595
16690   0.332448
16701.9   0.257778
16713.8   0.351722
16725.7   0.518101
16737.6   0.349286
16749.5   0.258831
16761.4   0.322775
16773.3   0.506642
16785.2   0.404386
16797.2   0.270815
16809.1   0.281886
16821.1   0.433323
16833   0.496957
16845   0.322189
16857   0.260386
16869   0.322158
16881   0.492279
16893   0.455577
16905   0.300994
16917   0.26255
16929.1   0.332458
16941.1   0.494491
16953.2   0.468456
16965.2   0.316057
16977.3   0.262769
16989.4   0.30322
17001.4   0.439808
17013.5   0.521429
17025.6   0.384858
17037.8   0.282565
17049.9   0.267376
17062   0.330754
17074.1   0.468762
17086.3   0.518243
17098.4   0.388976
17110.6   0.290717
17122.8   0.2656
17134.9   0.30353
17147.1   0.408458
17159.3   0.523325
17171.5   0.481809
17183.8   0.359173
17196   0.285337
17208.2   0.267196
17220.4   0.297069
17232.7   0.377907
17245   0.490753
17257.2   0.529827
17269.5   0.444346
17281.8   0.34482
17294.1   0.286961
17306.4   0.26865
17318.7   0.283754
17331   0.332513
17343.3   0.414605
17355.7   0.504624
17368   0.535551
17380.4   0.479697
17392.7   0.394873
17405.1   0.328225
17417.5   0.288609
17429.9   0.272074
17442.3   0.274701
17454.7   0.294905
17467.1   0.332636
17479.5   0.387014
17491.9   0.451814
17504.4   0.510599
17516.8   0.540419
17529.3   0.529455
17541.8   0.487984
17554.2   0.435935
17566.7   0.38752
17579.2   0.348407
17591.7   0.319253
17604.2   0.29883
17616.8   0.285549
17629.3   0.277975
17641.8   0.274938
17654.4   0.275493
17666.9   0.278864
17679.5   0.284378
17692.1   0.291426
17704.7   0.299442
17717.3   0.30789
17729.9   0.316268
17742.5   0.324119
17755.1   0.331039
17767.7   0.336695
17780.4   0.340824
17793   0.343246
17805.7   0.34386
17818.3   0.342645
17831   0.339664
17843.7   0.335061
17856.4   0.329059
17869.1   0.321964
17881.8   0.314154
17894.5   0.306071
17907.2   0.298211
17920   0.29111
17932.7   0.285343
17945.5   0.281526
17958.2   0.280338
17971   0.282553
17983.8   0.289103
17996.6   0.301139
18009.4   0.320086
18022.2   0.347601
18035   0.385192
18047.8   0.433017
18060.7   0.487084
18073.5   0.53525
18086.4   0.55731
18099.3   0.537887
18112.1   0.483273
18125   0.416421
18137.9   0.357209
18150.8   0.314517
18163.7   0.290238
18176.6   0.284531
18189.6   0.298824
18202.5   0.337002
18215.5   0.403667
18228.4   0.492276
18241.4   0.557758
18254.3   0.534916
18267.3   0.443342
18280.3   0.355656
18293.3   0.302849
18306.3   0.286488
18319.4   0.306591
18332.4   0.369893
18345.4   0.477313
18358.5   0.562723
18371.5   0.511394
18384.6   0.392274
18397.7   0.312636
18410.8   0.288322
18423.9   0.317809
18437   0.410864
18450.1   0.541114
18463.2   0.539089
18476.3   0.403648
18489.5   0.31083
18502.6   0.291563
18515.8   0.345285
18529   0.480389
18542.1   0.567485
18555.3   0.439176
18568.5   0.319861
18581.7   0.292771
18595   0.356802
18608.2   0.51402
18621.4   0.545614
18634.7   0.38102
18647.9   0.296527
18661.2   0.320184
18674.5   0.461561
18687.7   0.568737
18701   0.404196
18714.3   0.299753
18727.7   0.322606
18741   0.480505
18754.3   0.554981
18767.6   0.368607
18781   0.294718
18794.4   0.366753
18807.7   0.559652
18821.1   0.462348
18834.5   0.309801
18847.9   0.322287
18861.3   0.503575
18874.7   0.520896
18888.1   0.328227
18901.6   0.310921
18915   0.482021
18928.5   0.532306
18941.9   0.32896
18955.4   0.315813
18968.9   0.507333
18982.4   0.499731
18995.9   0.312111
19009.4   0.343116
19022.9   0.566665
19036.4   0.419326
19050   0.299299
19063.5   0.423291
19077.1   0.560205
19090.7   0.330939
19104.2   0.332135
19117.8   0.566385
19131.4   0.406994
19145   0.30304
19158.7   0.482083
19172.3   0.492376
19185.9   0.304202
19199.6   0.415472
19213.2   0.550283
19226.9   0.315679
19240.6   0.381297
19254.3   0.574328
19267.9   0.324672
19281.7   0.370765
19295.4   0.57882
19309.1   0.324602
19322.8   0.37947
19336.6   0.568402
19350.3   0.315988
19364.1   0.410788
19377.9   0.530734
19391.6   0.306468
19405.4   0.47389
19419.2   0.457167
19433.1   0.310134
19446.9   0.56251
19460.7   0.371616
19474.6   0.34945
19488.4   0.582847
19502.3   0.314945
19516.1   0.458837
19530   0.452839
19543.9   0.318715
19557.8   0.593457
19571.7   0.331252
19585.7   0.427776
19599.6   0.47314
19613.5   0.318974
19627.5   0.597067
19641.4   0.323162
19655.4   0.470108
19669.4   0.419567
19683.4   0.347797
19697.4   0.565024
19711.4   0.310511
19725.4   0.580948
19739.4   0.334861
19753.5   0.464991
19767.5   0.409284
19781.6   0.370142
19795.7   0.514064
19809.7   0.32425
19823.8   0.592215
19837.9   0.312464
19852   0.593475
19866.2   0.322419
19880.3   0.541763
19894.4   0.345786
19908.6   0.483593
19922.8   0.375545
19936.9   0.439092
19951.1   0.405059
19965.3   0.410286
19979.5   0.428703
19993.7   0.394361
20007.9   0.442721
20022.2   0.388728
20036.4   0.44531
20050.7   0.392283
20064.9   0.436194
20079.2   0.405636
20093.5   0.416528
20107.8   0.431026
20122.1   0.389324
20136.4   0.471595
20150.7   0.359655
20165   0.527997
20179.4   0.334049
20193.7   0.587763
20208.1   0.319634
20222.5   0.610561
20236.9   0.324471
20251.2   0.554875
20265.7   0.359914
20280.1   0.449936
20294.5   0.442107
20308.9   0.361899
20323.4   0.56602
20337.8   0.32197
20352.3   0.605561
20366.8   0.34178
20381.3   0.473523
20395.8   0.444404
20410.3   0.352428
20424.8   0.601587
20439.3   0.324451
20453.8   0.536773
20468.4   0.407988
20483   0.367926
20497.5   0.595876
20512.1   0.326125
20526.7   0.517732
20541.3   0.439975
20555.9   0.344883
20570.5   0.61973
20585.2   0.350297
20599.8   0.421778
20614.5   0.558305
20629.1   0.325816
20643.8   0.516775
20658.5   0.470009
20673.2   0.331421
20687.9   0.583786
20702.6   0.417896
20717.3   0.345244
20732.1   0.61128
20746.8   0.396559
20761.6   0.353475
20776.3   0.616744
20791.1   0.397447
20805.9   0.350209
20820.7   0.607639
20835.5   0.420739
20850.3   0.338409
20865.2   0.569736
20880   0.475389
20894.8   0.329542
20909.7   0.490468
20924.6   0.566759
20939.5   0.343082
20954.4   0.396613
20969.3   0.628516
20984.2   0.410672
20999.1   0.337041
21014   0.522887
21029   0.563093
21043.9   0.350243
21058.9   0.373766
21073.9   0.603787
21088.9   0.490735
21103.9   0.336465
21118.9   0.402849
21133.9   0.623709
21149   0.473526
21164   0.336653
21179   0.398165
21194.1   0.613285
21209.2   0.510246
21224.3   0.348235
21239.4   0.364405
21254.5   0.548465
21269.6   0.598539
21284.7   0.398465
21299.9   0.336287
21315   0.424632
21330.2   0.617704
21345.4   0.542125
21360.5   0.373873
21375.7   0.340299
21390.9   0.434368
21406.1   0.614997
21421.4   0.56771
21436.6   0.398752
21451.9   0.338231
21467.1   0.383536
21482.4   0.531996
21497.7   0.639455
21513   0.509618
21528.3   0.378163
21543.6   0.339484
21558.9   0.383214
21574.2   0.508994
21589.6   0.636709
21604.9   0.578101
21620.3   0.437614
21635.7   0.357052
21651.1   0.343132
21666.5   0.388352
21681.9   0.492643
21697.3   0.61554
21712.7   0.631878
21728.2   0.526605
21743.6   0.419952
21759.1   0.359807
21774.6   0.342974
21790.1   0.363232
21805.6   0.419499
21821.1   0.508277
21836.6   0.603661
21852.1   0.647845
21867.7   0.608846
21883.2   0.52589
21898.8   0.447669
21914.4   0.392279
21930   0.359857
21945.6   0.346434
21961.2   0.34863
21976.8   0.364281
21992.4   0.391948
22008.1   0.430124
22023.7   0.476345
22039.4   0.526456
22055.1   0.574584
22070.8   0.6143
22086.4   0.640734
22102.2   0.652309
22117.9   0.650863
22133.6   0.640269
22149.4   0.624732
22165.1   0.607714
22180.9   0.591604
22196.7   0.577844
22212.4   0.567213
22228.2   0.560083
22244.1   0.556608
22259.9   0.556843
22275.7   0.560792
22291.6   0.568415
22307.4   0.57957
22323.3   0.5939
22339.2   0.610644
22355   0.628373
22370.9   0.644699
22386.9   0.656141
22402.8   0.658434
22418.7   0.647607
22434.7   0.621713
22450.6   0.582263
22466.6   0.534149
22482.6   0.483904
22498.6   0.437543
22514.6   0.399355
22530.6   0.371927
22546.6   0.356888
22562.6   0.355832
22578.7   0.371141
22594.8   0.406463
22610.8   0.465848
22626.9   0.548157
22643   0.63159
22659.1   0.663362
22675.2   0.609296
22691.4   0.510084
22707.5   0.423186
22723.7   0.371376
22739.8   0.357414
22756   0.383492
22772.2   0.45703
22788.4   0.575376
22804.6   0.664965
22820.8   0.609831
22837   0.478447
22853.3   0.386978
22869.5   0.359027
22885.8   0.39571
22902.1   0.506954
22918.4   0.649138
22934.7   0.626666
22951   0.471885
22967.3   0.375371
22983.6   0.368088
23000   0.455121
23016.4   0.623252
23032.7   0.639841
23049.1   0.466353
23065.5   0.368719
23081.9   0.385961
23098.3   0.527075
23114.8   0.672873
23131.2   0.524149
23147.7   0.381402
23164.1   0.37913
23180.6   0.525101
23197.1   0.673136
23213.6   0.491925
23230.1   0.368701
23246.6   0.412832
23263.2   0.619094
23279.7   0.602989
23296.3   0.400352
23312.8   0.379407
23329.4   0.556826
23346   0.646297
23362.6   0.419207
23379.2   0.375565
23395.9   0.555818
23412.5   0.637123
23429.2   0.404367
23445.8   0.390568
23462.5   0.617042
23479.2   0.565841
23495.9   0.373904
23512.6   0.45286
23529.3   0.680385
23546.1   0.4418
23562.8   0.381456
23579.6   0.614758
23596.3   0.544592
23613.1   0.36962
23629.9   0.523036
23646.7   0.625531
23663.6   0.380353
23680.4   0.47221
23697.2   0.661593
23714.1   0.391238
23731   0.456169
23747.8   0.668057
23764.7   0.391039
23781.6   0.468278
23798.5   0.651554
23815.5   0.380587
23832.4   0.513463
23849.4   0.596146
23866.3   0.372816
23883.3   0.600931
23900.3   0.499494
23917.3   0.392408
23934.3   0.685872
23951.3   0.407145
23968.4   0.48026
23985.4   0.605784
24002.5   0.375606
24019.5   0.65447
24036.6   0.433003
24053.7   0.461302
24070.8   0.612315
24088   0.378252
24105.1   0.678253
24122.2   0.405111
24139.4   0.528914
24156.6   0.517634
24173.8   0.415203
24190.9   0.656594
24208.2   0.378075
24225.4   0.684475
24242.6   0.392885
24259.8   0.59773
24277.1   0.442774
24294.4   0.504361
24311.7   0.512575
24328.9   0.443225
24346.3   0.582989
24363.6   0.409678
24380.9   0.636629
24398.2   0.39341
24415.6   0.667773
24433   0.386707
24450.3   0.68146
24467.7   0.384879
24485.1   0.684444
24502.6   0.385931
24520   0.67855
24537.4   0.390435
24554.9   0.659278
24572.3   0.401594
24589.8   0.619388
24607.3   0.425508
24624.8   0.557533
24642.3   0.471474
24659.9   0.48531
24677.4   0.549621
24695   0.422624
24712.5   0.651884
24730.1   0.387484
24747.7   0.700432
24765.3   0.395333
24782.9   0.605825
24800.5   0.468237
24818.2   0.464144
24835.8   0.620965
24853.5   0.390009
24871.2   0.695928
24888.9   0.415029
24906.6   0.525618
24924.3   0.571035
24942   0.397262
24959.8   0.700379
24977.5   0.42191
24995.3   0.496683
25013.1   0.627923
25030.8   0.388209
25048.6   0.634885
25066.5   0.502972
25084.3   0.411674
25102.1   0.704303
25120   0.438595
25137.9   0.452065
25155.7   0.700915
25173.6   0.414327
25191.5   0.480612
25209.5   0.688675
25227.4   0.410022
25245.3   0.481852
25263.3   0.696373
25281.3   0.420573
25299.2   0.455428
25317.2   0.71106
25335.2   0.455873
25353.3   0.416224
25371.3   0.676063
25389.3   0.5404
25407.4   0.393048
25425.5   0.553418
25443.6   0.677315
25461.7   0.426951
25479.8   0.428561
25497.9   0.673697
25516   0.577924
25534.2   0.399649
25552.3   0.471795
25570.5   0.707304
25588.7   0.543072
25606.9   0.397757
25625.1   0.473786
25643.4   0.70108
25661.6   0.577364
25679.8   0.40886
25698.1   0.433312
25716.4   0.633291
25734.7   0.677957
25753   0.468091
25771.3   0.397783
25789.6   0.486478
25808   0.687673
25826.3   0.645257
25844.7   0.458375
25863.1   0.398716
25881.5   0.467888
25899.9   0.646898
25918.3   0.703144
25936.8   0.533083
25955.2   0.417417
25973.7   0.407655
25992.1   0.49512
26010.6   0.65645
26029.1   0.713608
26047.6   0.57831
26066.2   0.451303
26084.7   0.402461
26103.3   0.423523
26121.8   0.510794
26140.4   0.64482
26159   0.723977
26177.6   0.657049
26196.2   0.534514
26214.9   0.446787
26233.5   0.407231
26252.2   0.408673
26270.9   0.446492
26289.5   0.518073
26308.2   0.612629
26327   0.697329
26345.7   0.72638
26364.4   0.687307
26383.2   0.61302
26401.9   0.53922
26420.7   0.481642
26439.5   0.442399
26458.3   0.418906
26477.1   0.407921
26496   0.406662
26514.8   0.412877
26533.7   0.42468
26552.6   0.440378
26571.4   0.458378
26590.3   0.47717
26609.3   0.495365
26628.2   0.511762
26647.1   0.525401
26666.1   0.535581
26685   0.541846
26704   0.543947
26723   0.54181
26742   0.535519
26761   0.525339
26780.1   0.511749
26799.1   0.495476
26818.2   0.477515
26837.3   0.459106
26856.4   0.441673
26875.5   0.42677
26894.6   0.41604
26913.7   0.411252
26932.9   0.414404
26952   0.427908
26971.2   0.454743
26990.4   0.49826
27009.6   0.560642
27028.8   0.637823
27048   0.709586
27067.2   0.736699
27086.5   0.692519
27105.8   0.600783
27125   0.508667
27144.3   0.444177
27163.6   0.415394
27183   0.42523
27202.3   0.479849
27221.6   0.58456
27241   0.706377
27260.4   0.728808
27279.8   0.6134
27299.2   0.487072
27318.6   0.422326
27338   0.427709
27357.5   0.510891
27376.9   0.66492
27396.4   0.737141
27415.9   0.599343
27435.4   0.459234
27454.9   0.417763
27474.4   0.482216
27494   0.653524
27513.5   0.733247
27533.1   0.558204
27552.7   0.431459
27572.3   0.440179
27591.9   0.593383
27611.5   0.744174
27631.2   0.571941
27650.8   0.429683
27670.5   0.456123
27690.2   0.653886
27709.9   0.708299
27729.6   0.485711
27749.3   0.424415
27769   0.571116
27788.8   0.743406
27808.6   0.519664
27828.3   0.422364
27848.1   0.565763
27867.9   0.740472
27887.8   0.496633
27907.6   0.431057
27927.5   0.637068
27947.3   0.678809
27967.2   0.440963
27987.1   0.488946
28007   0.747074
28026.9   0.520137
28046.9   0.433757
28066.8   0.677175
28086.8   0.608018
28106.7   0.42457
28126.7   0.61242
28146.7   0.660276
28166.8   0.427319
28186.8   0.591516
28206.9   0.667899
28226.9   0.427188
28247   0.614713
28267.1   0.631432
28287.2   0.427329
28307.3   0.681876
28327.4   0.552899
28347.6   0.449243
28367.8   0.752324
28387.9   0.465423
28408.1   0.535336
28428.3   0.680338
28448.6   0.428619
28468.8   0.711794
28489   0.4985
28509.3   0.513036
28529.6   0.6863
28549.9   0.431232
28570.2   0.742646
28590.5   0.460669
28610.8   0.597078
28631.2   0.569838
28651.6   0.481008
28671.9   0.702717
28692.3   0.435309
28712.7   0.758625
28733.2   0.435482
28753.6   0.717523
28774.1   0.461347
28794.5   0.647743
28815   0.497487
28835.5   0.592565
28856   0.531027
28876.5   0.559888
28897.1   0.552695
28917.6   0.547045
28938.2   0.557685
28958.8   0.551819
28979.4   0.545076
29000   0.575046
