2000 
    Freq test
7000   0.160311
7004.98   0.259335
7009.96   0.206778
7014.95   0.18668
7019.94   0.298889
7024.93   0.159229
7029.93   0.332555
7034.93   0.174609
7039.93   0.242074
7044.94   0.243876
7049.95   0.177078
7054.97   0.343997
7059.98   0.167003
7065.01   0.298983
7070.03   0.213034
7075.06   0.202202
7080.09   0.323966
7085.13   0.170047
7090.17   0.337467
7095.21   0.201414
7100.26   0.223942
7105.31   0.310902
7110.36   0.175728
7115.42   0.356146
7120.48   0.201484
7125.55   0.234241
7130.61   0.315595
7135.69   0.180018
7140.76   0.360251
7145.84   0.210939
7150.92   0.230195
7156.01   0.339593
7161.1   0.1831
7166.19   0.345912
7171.29   0.233169
7176.39   0.215044
7181.5   0.37731
7186.61   0.189911
7191.72   0.305868
7196.83   0.277942
7201.95   0.197996
7207.07   0.395299
7212.2   0.211238
7217.33   0.250585
7222.46   0.353928
7227.6   0.192273
7232.74   0.341086
7237.89   0.267338
7243.04   0.207055
7248.19   0.405566
7253.34   0.216266
7258.5   0.251229
7263.67   0.373908
7268.83   0.1977
7274   0.319602
7279.18   0.303374
7284.35   0.200919
7289.54   0.387478
7294.72   0.250084
7299.91   0.220107
7305.1   0.414789
7310.3   0.219618
7315.5   0.251488
7320.7   0.393933
7325.91   0.205052
7331.12   0.290325
7336.33   0.353379
7341.55   0.200363
7346.77   0.32983
7352   0.315818
7357.23   0.201382
7362.46   0.362994
7367.7   0.288084
7372.94   0.205082
7378.19   0.385834
7383.43   0.269799
7388.69   0.209135
7393.94   0.398525
7399.2   0.259088
7404.46   0.211826
7409.73   0.403465
7415   0.254472
7420.27   0.212115
7425.55   0.402641
7430.83   0.255306
7436.12   0.20973
7441.41   0.396129
7446.7   0.261851
7452   0.205191
7457.3   0.382052
7462.6   0.275255
7467.91   0.199758
7473.22   0.357996
7478.54   0.297342
7483.86   0.195326
7489.18   0.323674
7494.51   0.329519
7499.84   0.194384
7505.18   0.283014
7510.51   0.368799
7515.86   0.200187
7521.2   0.24311
7526.55   0.398934
7531.91   0.217346
7537.26   0.210831
7542.62   0.389062
7547.99   0.252537
7553.36   0.190859
7558.73   0.329936
7564.11   0.311672
7569.49   0.186805
7574.87   0.257333
7580.26   0.377052
7585.65   0.204398
7591.05   0.20468
7596.45   0.373731
7601.85   0.254675
7607.26   0.180934
7612.67   0.286919
7618.08   0.340259
7623.5   0.188682
7628.93   0.209155
7634.35   0.37232
7639.78   0.23955
7645.22   0.175666
7650.65   0.276497
7656.1   0.338369
7661.54   0.187261
7666.99   0.193031
7672.45   0.346754
7677.9   0.259126
7683.36   0.169371
7688.83   0.229944
7694.3   0.358614
7699.77   0.207193
7705.25   0.168983
7710.73   0.273804
7716.21   0.320768
7721.7   0.179962
7727.19   0.176528
7732.69   0.308426
7738.19   0.279151
7743.7   0.166241
7749.2   0.18528
7754.72   0.325228
7760.23   0.251023
7765.75   0.159047
7771.27   0.190135
7776.8   0.327628
7782.33   0.236805
7787.87   0.154785
7793.41   0.188142
7798.95   0.321541
7804.5   0.234766
7810.05   0.152284
7815.61   0.178983
7821.17   0.307426
7826.73   0.244779
7832.3   0.152422
7837.87   0.164901
7843.44   0.280552
7849.02   0.267382
7854.6   0.158129
7860.19   0.150122
7865.78   0.238934
7871.38   0.296565
7876.98   0.174941
7882.58   0.139904
7888.19   0.191689
7893.8   0.302971
7899.41   0.211606
7905.03   0.140327
7910.65   0.153449
7916.28   0.252839
7921.91   0.269716
7927.55   0.160647
7933.19   0.133631
7938.83   0.181392
7944.48   0.287222
7950.13   0.216398
7955.78   0.138828
7961.44   0.137002
7967.1   0.20798
7972.77   0.28342
7978.44   0.184906
7984.12   0.129681
7989.8   0.14052
7995.48   0.220778
8001.17   0.270957
8006.86   0.171794
8012.55   0.125394
8018.25   0.138606
8023.96   0.216112
8029.66   0.266451
8035.37   0.172671
8041.09   0.123815
8046.81   0.130516
8052.53   0.194914
8058.26   0.266324
8063.99   0.188776
8069.73   0.127255
8075.47   0.120214
8081.21   0.162201
8086.96   0.24817
8092.71   0.223549
8098.47   0.142996
8104.23   0.114968
8109.99   0.130169
8115.76   0.194573
8121.54   0.254187
8127.31   0.18499
8133.09   0.125453
8138.88   0.112172
8144.67   0.137226
8150.46   0.207139
8156.26   0.244699
8162.06   0.171784
8167.87   0.120359
8173.68   0.109538
8179.49   0.132726
8185.31   0.196359
8191.13   0.242301
8196.96   0.180654
8202.79   0.124513
8208.62   0.106514
8214.46   0.118387
8220.3   0.164583
8226.15   0.230307
8232   0.212092
8237.86   0.145428
8243.72   0.11037
8249.58   0.104846
8255.45   0.125352
8261.32   0.177373
8267.2   0.230984
8273.08   0.198777
8278.96   0.138707
8284.85   0.107723
8290.74   0.102051
8296.64   0.118458
8302.54   0.161566
8308.45   0.218089
8314.36   0.213332
8320.27   0.156013
8326.19   0.115739
8332.11   0.100057
8338.04   0.10333
8343.97   0.126133
8349.91   0.172003
8355.84   0.218933
8361.79   0.204898
8367.74   0.152587
8373.69   0.11544
8379.64   0.0990696
8385.6   0.0986604
8391.57   0.113482
8397.54   0.146612
8403.51   0.194213
8409.49   0.218142
8415.47   0.186468
8421.46   0.140778
8427.45   0.110865
8433.44   0.097158
8439.44   0.0960168
8445.44   0.106619
8451.45   0.130888
8457.46   0.169489
8463.48   0.207412
8469.5   0.209076
8475.52   0.173393
8481.55   0.13514
8487.58   0.109791
8493.62   0.0967917
8499.66   0.0934567
8505.71   0.0986564
8511.76   0.112997
8517.81   0.137939
8523.87   0.172247
8529.93   0.203608
8536   0.209024
8542.07   0.184317
8548.15   0.150539
8554.23   0.123184
8560.31   0.105306
8566.4   0.0954831
8572.5   0.0921039
8578.59   0.0943457
8584.7   0.102192
8590.8   0.116214
8596.91   0.136994
8603.03   0.163587
8609.15   0.190661
8615.27   0.207371
8621.4   0.204633
8627.53   0.185199
8633.67   0.159794
8639.81   0.136611
8645.95   0.11862
8652.1   0.105893
8658.26   0.0976273
8664.42   0.0930138
8670.58   0.0914681
8676.75   0.0926488
8682.92   0.0964157
8689.1   0.102775
8695.28   0.111813
8701.46   0.123593
8707.65   0.137999
8713.84   0.154501
8720.04   0.1719
8726.25   0.188211
8732.45   0.20095
8738.66   0.207936
8744.88   0.20823
8751.1   0.202503
8757.32   0.192556
8763.55   0.180458
8769.79   0.167899
8776.02   0.15597
8782.27   0.14524
8788.51   0.135913
8794.77   0.127988
8801.02   0.121356
8807.28   0.115869
8813.55   0.111373
8819.81   0.107722
8826.09   0.104784
8832.37   0.102444
8838.65   0.100605
8844.94   0.0991818
8851.23   0.0981025
8857.52   0.0973062
8863.82   0.0967414
8870.13   0.0963652
8876.44   0.0961425
8882.75   0.0960451
8889.07   0.096052
8895.39   0.0961486
8901.72   0.0963271
8908.05   0.0965862
8914.39   0.096931
8920.73   0.0973737
8927.07   0.0979332
8933.42   0.0986358
8939.78   0.0995153
8946.14   0.100614
8952.5   0.101983
8958.87   0.103685
8965.24   0.105792
8971.62   0.108392
8978   0.111586
8984.39   0.115495
8990.78   0.120259
8997.17   0.126036
9003.57   0.133001
9009.98   0.141333
9016.38   0.151192
9022.8   0.162657
9029.21   0.175644
9035.64   0.189745
9042.06   0.204046
9048.5   0.216968
9054.93   0.226326
9061.37   0.229839
9067.82   0.226053
9074.27   0.215179
9080.72   0.199122
9087.18   0.180622
9093.65   0.16221
9100.11   0.145615
9106.59   0.131739
9113.07   0.120906
9119.55   0.113143
9126.03   0.108396
9132.53   0.106671
9139.02   0.10813
9145.52   0.113163
9152.03   0.122452
9158.54   0.136969
9165.05   0.157752
9171.57   0.184993
9178.09   0.215731
9184.62   0.240819
9191.16   0.247104
9197.69   0.229729
9204.24   0.198629
9210.78   0.167185
9217.33   0.142434
9223.89   0.125872
9230.45   0.116965
9237.02   0.11516
9243.59   0.120664
9250.16   0.134739
9256.74   0.159591
9263.33   0.196546
9269.92   0.239115
9276.51   0.263644
9283.11   0.247569
9289.71   0.205546
9296.32   0.165623
9302.93   0.138861
9309.55   0.125342
9316.17   0.123594
9322.8   0.13389
9329.43   0.158946
9336.06   0.202066
9342.71   0.255346
9349.35   0.279354
9356   0.245323
9362.66   0.191703
9369.31   0.153041
9375.98   0.134002
9382.65   0.132039
9389.32   0.147454
9396   0.184774
9402.68   0.245254
9409.37   0.293745
9416.07   0.268689
9422.76   0.205271
9429.47   0.159859
9436.17   0.140379
9442.88   0.143387
9449.6   0.170883
9456.32   0.229393
9463.05   0.299413
9469.78   0.295144
9476.52   0.223733
9483.26   0.169414
9490   0.148019
9496.75   0.155234
9503.51   0.194934
9510.27   0.272155
9517.03   0.326979
9523.8   0.270088
9530.58   0.194941
9537.35   0.159494
9544.14   0.160371
9550.93   0.199426
9557.72   0.283906
9564.52   0.342743
9571.32   0.272476
9578.13   0.194619
9584.94   0.165012
9591.76   0.17824
9598.58   0.241395
9605.41   0.341794
9612.24   0.329822
9619.08   0.230518
9625.92   0.178819
9632.77   0.179703
9639.62   0.235632
9646.48   0.345417
9653.34   0.352437
9660.21   0.243981
9667.08   0.187287
9673.95   0.191682
9680.83   0.261461
9687.72   0.378927
9694.61   0.340888
9701.51   0.230324
9708.41   0.191476
9715.31   0.221235
9722.22   0.330903
9729.14   0.403867
9736.06   0.285477
9742.99   0.208255
9749.92   0.212016
9756.85   0.301323
9763.79   0.423374
9770.74   0.328066
9777.69   0.22578
9784.64   0.216496
9791.6   0.30076
9798.57   0.437251
9805.54   0.344048
9812.51   0.23456
9819.49   0.228466
9826.47   0.328055
9833.46   0.456804
9840.46   0.329978
9847.46   0.234819
9854.46   0.252373
9861.47   0.389777
9868.49   0.45228
9875.51   0.293178
9882.53   0.23819
9889.56   0.306534
9896.59   0.475303
9903.63   0.384499
9910.68   0.258441
9917.73   0.269138
9924.78   0.421527
9931.84   0.46842
9938.91   0.296613
9945.98   0.260335
9953.05   0.374699
9960.13   0.512877
9967.21   0.338063
9974.3   0.264769
9981.4   0.352333
9988.5   0.52889
9995.6   0.369519
10002.7   0.273134
10009.8   0.350099
10016.9   0.539684
10024.1   0.382769
10031.2   0.280813
10038.3   0.365291
10045.5   0.553274
10052.6   0.375607
10059.8   0.288111
10066.9   0.400792
10074.1   0.557903
10081.3   0.352065
10088.4   0.300883
10095.6   0.463599
10102.8   0.526522
10110   0.323461
10117.2   0.331687
10124.4   0.548628
10131.6   0.449324
10138.8   0.306797
10146   0.402177
10153.2   0.585443
10160.4   0.363928
10167.6   0.32363
10174.9   0.528998
10182.1   0.48742
10189.4   0.316913
10196.6   0.407875
10203.9   0.594725
10211.1   0.361724
10218.4   0.340195
10225.6   0.572579
10232.9   0.445658
10240.2   0.319566
10247.5   0.481264
10254.8   0.54099
10262.1   0.328728
10269.4   0.406189
10276.7   0.601668
10284   0.356191
10291.3   0.361213
10298.6   0.607113
10305.9   0.39245
10313.3   0.337531
10320.6   0.579663
10327.9   0.42821
10335.3   0.32615
10342.6   0.547499
10350   0.455616
10357.4   0.32086
10364.7   0.524562
10372.1   0.469875
10379.5   0.317901
10386.9   0.515
10394.3   0.469115
10401.6   0.315651
10409   0.519503
10416.4   0.453234
10423.9   0.314525
10431.3   0.537349
10438.7   0.423728
10446.1   0.316962
10453.5   0.564136
10461   0.384802
10468.4   0.327553
10475.9   0.584979
10483.3   0.343869
10490.8   0.353479
10498.2   0.570354
10505.7   0.310052
10513.2   0.40456
10520.7   0.500026
10528.1   0.292395
10535.6   0.485845
10543.1   0.400767
10550.6   0.300886
10558.1   0.557631
10565.6   0.31947
10573.2   0.350943
10580.7   0.512745
10588.2   0.279623
10595.7   0.457988
10603.3   0.379215
10610.8   0.29156
10618.4   0.540984
10625.9   0.286416
10633.5   0.377325
10641   0.42597
10648.6   0.268196
10656.2   0.514556
10663.8   0.291532
10671.3   0.340547
10678.9   0.434889
10686.5   0.25673
10694.1   0.496428
10701.7   0.28063
10709.3   0.336315
10717   0.404387
10724.6   0.251228
10732.2   0.494807
10739.9   0.255702
10747.5   0.366206
10755.1   0.339613
10762.8   0.260401
10770.4   0.464733
10778.1   0.232935
10785.8   0.434581
10793.4   0.26527
10801.1   0.309039
10808.8   0.355664
10816.5   0.238353
10824.2   0.452478
10831.9   0.221103
10839.6   0.420718
10847.3   0.244183
10855   0.316195
10862.7   0.305743
10870.5   0.244537
10878.2   0.391443
10885.9   0.212629
10893.7   0.436057
10901.4   0.208574
10909.2   0.3915
10916.9   0.226173
10924.7   0.31416
10932.5   0.263149
10940.2   0.254055
10948   0.315348
10955.8   0.217442
10963.6   0.369313
10971.4   0.198171
10979.2   0.402241
10987   0.190597
10994.8   0.400102
11002.7   0.190981
11010.5   0.371499
11018.3   0.196778
11026.2   0.334291
11034   0.205986
11041.8   0.300091
11049.7   0.216792
11057.6   0.272836
11065.4   0.227481
11073.3   0.252612
11081.2   0.236524
11089.1   0.238342
11096.9   0.242713
11104.8   0.22891
11112.7   0.245254
11120.6   0.223516
11128.5   0.243773
11136.5   0.221749
11144.4   0.238269
11152.3   0.223592
11160.2   0.229102
11168.2   0.229401
11176.1   0.216992
11184.1   0.239873
11192   0.203023
11200   0.255879
11208   0.188564
11215.9   0.277944
11223.9   0.175128
11231.9   0.304738
11239.9   0.164224
11247.9   0.330032
11255.9   0.157331
11263.9   0.340241
11271.9   0.156063
11279.9   0.321364
11287.9   0.162597
11296   0.27619
11304   0.18032
11312   0.224517
11320.1   0.214151
11328.1   0.18307
11336.2   0.266739
11344.3   0.157581
11352.3   0.318587
11360.4   0.148679
11368.5   0.312883
11376.6   0.158146
11384.7   0.246242
11392.8   0.192618
11400.9   0.183538
11409   0.259497
11417.1   0.150701
11425.2   0.318016
11433.3   0.146876
11441.5   0.270811
11449.6   0.175743
11457.8   0.188834
11465.9   0.249556
11474.1   0.147595
11482.2   0.313932
11490.4   0.147642
11498.6   0.240993
11506.7   0.195287
11514.9   0.16277
11523.1   0.292448
11531.3   0.141235
11539.5   0.27364
11547.7   0.174154
11555.9   0.173742
11564.2   0.274994
11572.4   0.140121
11580.6   0.278407
11588.9   0.172408
11597.1   0.170424
11605.3   0.282514
11613.6   0.139838
11621.9   0.257267
11630.1   0.189167
11638.4   0.15493
11646.7   0.304703
11655   0.145846
11663.3   0.209711
11671.5   0.236729
11679.8   0.140531
11688.2   0.2836
11696.5   0.175818
11704.8   0.159359
11713.1   0.304297
11721.4   0.147987
11729.8   0.196645
11738.1   0.262624
11746.5   0.140002
11754.8   0.243311
11763.2   0.217066
11771.6   0.142761
11779.9   0.283124
11788.3   0.18762
11796.7   0.150779
11805.1   0.304697
11813.5   0.171518
11821.9   0.159911
11830.3   0.311367
11838.7   0.164018
11847.1   0.166831
11855.6   0.31272
11864   0.162235
11872.4   0.169385
11880.9   0.314686
11889.3   0.165183
11897.8   0.166998
11906.2   0.316925
11914.7   0.173653
11923.2   0.160821
11931.7   0.312712
11940.2   0.190399
11948.7   0.153567
11957.2   0.291917
11965.7   0.220357
11974.2   0.14915
11982.7   0.251982
11991.2   0.268215
11999.7   0.152685
12008.3   0.20582
12016.8   0.321039
12025.4   0.171938
12033.9   0.170349
12042.5   0.319733
12051   0.220425
12059.6   0.15527
12068.2   0.247471
12076.8   0.305517
12085.4   0.168611
12094   0.182595
12102.6   0.333203
12111.2   0.22973
12119.8   0.160377
12128.4   0.237169
12137   0.33822
12145.7   0.190558
12154.3   0.172071
12163   0.296001
12171.6   0.302203
12180.3   0.17712
12188.9   0.190231
12197.6   0.335675
12206.3   0.278801
12215   0.175657
12223.6   0.204605
12232.3   0.354154
12241   0.276996
12249.7   0.179779
12258.5   0.208947
12267.2   0.357101
12275.9   0.297311
12284.6   0.188977
12293.4   0.203207
12302.1   0.339326
12310.9   0.341732
12319.6   0.209047
12328.4   0.19409
12337.2   0.294682
12345.9   0.396
12354.7   0.254658
12363.5   0.19407
12372.3   0.240236
12381.1   0.387965
12389.9   0.347321
12398.7   0.223074
12407.5   0.206763
12416.4   0.293358
12425.2   0.426759
12434   0.318636
12442.9   0.22047
12451.7   0.222457
12460.6   0.32362
12469.4   0.443723
12478.3   0.328514
12487.2   0.231952
12496.1   0.229561
12505   0.318754
12513.9   0.455781
12522.8   0.379845
12531.7   0.261265
12540.6   0.232514
12549.5   0.285279
12558.4   0.422068
12567.4   0.467733
12576.3   0.334769
12585.2   0.254618
12594.2   0.253618
12603.2   0.329451
12612.1   0.469296
12621.1   0.479395
12630.1   0.348296
12639.1   0.271631
12648   0.266694
12657   0.329959
12666   0.46057
12675.1   0.529837
12684.1   0.42381
12693.1   0.318498
12702.1   0.279917
12711.2   0.300772
12720.2   0.384078
12729.2   0.513927
12738.3   0.556458
12747.4   0.452238
12756.4   0.349993
12765.5   0.304749
12774.6   0.311244
12783.7   0.368824
12792.8   0.478113
12801.9   0.585423
12811   0.572015
12820.1   0.465472
12829.2   0.375918
12838.3   0.333057
12847.5   0.332536
12856.6   0.372285
12865.7   0.45418
12874.9   0.563961
12884   0.636136
12893.2   0.603753
12902.4   0.509464
12911.6   0.42567
12920.7   0.37601
12929.9   0.35931
12939.1   0.372164
12948.3   0.414087
12957.5   0.485063
12966.8   0.576437
12976   0.657275
12985.2   0.682187
12994.4   0.639034
13003.7   0.562935
13012.9   0.490927
13022.2   0.43851
13031.5   0.407532
13040.7   0.39585
13050   0.401377
13059.3   0.422951
13068.6   0.45996
13077.9   0.511225
13087.2   0.573206
13096.5   0.638001
13105.8   0.693008
13115.1   0.724819
13124.5   0.726398
13133.8   0.70112
13143.1   0.659429
13152.5   0.612302
13161.8   0.567343
13171.2   0.528392
13180.6   0.496694
13189.9   0.472112
13199.3   0.453921
13208.7   0.441222
13218.1   0.433129
13227.5   0.428832
13236.9   0.42761
13246.3   0.428821
13255.8   0.431887
13265.2   0.436283
13274.6   0.441526
13284.1   0.447177
13293.5   0.452834
13303   0.458139
13312.4   0.46278
13321.9   0.466494
13331.4   0.469068
13340.9   0.470345
13350.3   0.470221
13359.8   0.468648
13369.3   0.465635
13378.9   0.461244
13388.4   0.455595
13397.9   0.448862
13407.4   0.441273
13417   0.433107
13426.5   0.424689
13436.1   0.41639
13445.6   0.408615
13455.2   0.401806
13464.7   0.396441
13474.3   0.393037
13483.9   0.392158
13493.5   0.39444
13503.1   0.400601
13512.7   0.411468
13522.3   0.427973
13531.9   0.451093
13541.6   0.481659
13551.2   0.519868
13560.8   0.564307
13570.5   0.610395
13580.1   0.648938
13589.8   0.667095
13599.4   0.654329
13609.1   0.610564
13618.8   0.547538
13628.5   0.480956
13638.2   0.422432
13647.9   0.377529
13657.6   0.347839
13667.3   0.333528
13677   0.335035
13686.8   0.353952
13696.5   0.393089
13706.2   0.454482
13716   0.531722
13725.7   0.595437
13735.5   0.598073
13745.3   0.529973
13755.1   0.43748
13764.8   0.361888
13774.6   0.315402
13784.4   0.297367
13794.2   0.307077
13804   0.347857
13813.9   0.424138
13823.7   0.520138
13833.5   0.562306
13843.4   0.493534
13853.2   0.385958
13863.1   0.309591
13872.9   0.27524
13882.8   0.279334
13892.7   0.324893
13902.5   0.417775
13912.4   0.517705
13922.3   0.498944
13932.2   0.381911
13942.1   0.291775
13952.1   0.255316
13962   0.267183
13971.9   0.332982
13981.9   0.449803
13991.8   0.497708
14001.8   0.387343
14011.7   0.281815
14021.7   0.240656
14031.6   0.257278
14041.6   0.339355
14051.6   0.46333
14061.6   0.439635
14071.6   0.306988
14081.6   0.236584
14091.6   0.235537
14101.7   0.305915
14111.7   0.43781
14121.7   0.423387
14131.8   0.286236
14141.8   0.222523
14151.9   0.235725
14162   0.333389
14172   0.449235
14182.1   0.343749
14192.2   0.23315
14202.3   0.214091
14212.4   0.282074
14222.5   0.42277
14232.6   0.364009
14242.7   0.235117
14252.9   0.206563
14263   0.272966
14273.2   0.416863
14283.3   0.339156
14293.5   0.21874
14303.6   0.206904
14313.8   0.302558
14324   0.417732
14334.2   0.275899
14344.4   0.197712
14354.6   0.231493
14364.8   0.37978
14375   0.342016
14385.2   0.21011
14395.5   0.203373
14405.7   0.323542
14416   0.380041
14426.2   0.224279
14436.5   0.193498
14446.7   0.295502
14457   0.388286
14467.3   0.227519
14477.6   0.190738
14487.9   0.295657
14498.2   0.377958
14508.5   0.216266
14518.8   0.193772
14529.1   0.323908
14539.5   0.342348
14549.8   0.197006
14560.2   0.210277
14570.5   0.374916
14580.9   0.276767
14591.3   0.183968
14601.6   0.259669
14612   0.382229
14622.4   0.211513
14632.8   0.197611
14643.2   0.359717
14653.6   0.279934
14664.1   0.183177
14674.5   0.275857
14684.9   0.359009
14695.4   0.194705
14705.8   0.222895
14716.3   0.392005
14726.8   0.220782
14737.2   0.198264
14747.7   0.374617
14758.2   0.25169
14768.7   0.188872
14779.2   0.3464
14789.7   0.277794
14800.3   0.18662
14810.8   0.329191
14821.3   0.292302
14831.9   0.187211
14842.4   0.327851
14853   0.292404
14863.5   0.189208
14874.1   0.342915
14884.7   0.278189
14895.3   0.193909
14905.9   0.372688
14916.5   0.252984
14927.1   0.205644
14937.7   0.404255
14948.3   0.22447
14959   0.232864
14969.6   0.400304
14980.2   0.203027
14990.9   0.289675
15001.6   0.335581
15012.2   0.199576
15022.9   0.381736
15033.6   0.2556
15044.3   0.229452
15055   0.418453
15065.7   0.210155
15076.4   0.321082
15087.1   0.312925
15097.9   0.217229
15108.6   0.435724
15119.4   0.225628
15130.1   0.307955
15140.9   0.336028
15151.6   0.223247
15162.4   0.448483
15173.2   0.228811
15184   0.341504
15194.8   0.314404
15205.6   0.246368
15216.4   0.445916
15227.2   0.226734
15238.1   0.428543
15248.9   0.265502
15259.8   0.316634
15270.6   0.3614
15281.5   0.253602
15292.3   0.469956
15303.2   0.240169
15314.1   0.471078
15325   0.263683
15335.9   0.387072
15346.8   0.320385
15357.7   0.315546
15368.6   0.403502
15379.6   0.277209
15390.5   0.485878
15401.5   0.264098
15412.4   0.526727
15423.4   0.268271
15434.4   0.516016
15445.3   0.284463
15456.3   0.479917
15467.3   0.308643
15478.3   0.443264
15489.3   0.336975
15500.3   0.416011
15511.4   0.365611
15522.4   0.39956
15533.4   0.391065
15544.5   0.392725
15555.5   0.410676
15566.6   0.394244
15577.7   0.422801
15588.8   0.403573
15599.9   0.426751
15611   0.421106
15622.1   0.422753
15633.2   0.448175
15644.3   0.412079
15655.4   0.486724
15666.6   0.397229
15677.7   0.538058
15688.8   0.381905
15700   0.599179
15711.2   0.370743
15722.3   0.655614
15733.5   0.369147
15744.7   0.677542
15755.9   0.383708
15767.1   0.640326
15778.3   0.423356
15789.6   0.559383
15800.8   0.499583
15812   0.477738
15823.3   0.61578
15834.5   0.426477
15845.8   0.721562
15857.1   0.4198
15868.4   0.702064
15879.6   0.470957
15890.9   0.575838
15902.2   0.596599
15913.6   0.474156
15924.9   0.748384
15936.2   0.45124
15947.5   0.722127
15958.9   0.525559
15970.2   0.56019
15981.6   0.703159
15993   0.474795
16004.3   0.78318
16015.7   0.518342
16027.1   0.608465
16038.5   0.703881
16049.9   0.493545
16061.3   0.796857
16072.8   0.546805
16084.2   0.59523
16095.6   0.763896
16107.1   0.502189
16118.5   0.754445
16130   0.625081
16141.5   0.540358
16153   0.830317
16164.4   0.542312
16175.9   0.62541
16187.4   0.781007
16199   0.514829
16210.5   0.718249
16222   0.699766
16233.6   0.51682
16245.1   0.784076
16256.7   0.63939
16268.2   0.528189
16279.8   0.814194
16291.4   0.604768
16303   0.535168
16314.6   0.820351
16326.2   0.590568
16337.8   0.530385
16349.4   0.812375
16361   0.594676
16372.7   0.513284
16384.3   0.786542
16396   0.620655
16407.6   0.490257
16419.3   0.728474
16431   0.675204
16442.7   0.47428
16454.4   0.633284
16466.1   0.751621
16477.8   0.48458
16489.5   0.527274
16501.2   0.781667
16513   0.547895
16524.7   0.453273
16536.5   0.666985
16548.2   0.681386
16560   0.446623
16571.8   0.497409
16583.6   0.744767
16595.4   0.547139
16607.2   0.415226
16619   0.553306
16630.8   0.721058
16642.6   0.472665
16654.5   0.404218
16666.3   0.577489
16678.2   0.680854
16690   0.439519
16701.9   0.388946
16713.8   0.555719
16725.7   0.667638
16737.6   0.436245
16749.5   0.36572
16761.4   0.490288
16773.3   0.666618
16785.2   0.471858
16797.2   0.349497
16809.1   0.401377
16821.1   0.601711
16833   0.563733
16845   0.372066
16857   0.333428
16869   0.442363
16881   0.616813
16893   0.485396
16905   0.335953
16917   0.321585
16929.1   0.432922
16941.1   0.592578
16953.2   0.47874
16965.2   0.33067
16977.3   0.298283
16989.4   0.369244
17001.4   0.52908
17013.5   0.535219
17025.6   0.372614
17037.8   0.288817
17049.9   0.293645
17062   0.383423
17074.1   0.526213
17086.3   0.503402
17098.4   0.358352
17110.6   0.278767
17122.8   0.27057
17134.9   0.326847
17147.1   0.446835
17159.3   0.524947
17171.5   0.431576
17183.8   0.316258
17196   0.260513
17208.2   0.256222
17220.4   0.298715
17232.7   0.39055
17245   0.490028
17257.2   0.478261
17269.5   0.374809
17281.8   0.289974
17294.1   0.247975
17306.4   0.240765
17318.7   0.264068
17331   0.31953
17343.3   0.402905
17355.7   0.474214
17368   0.467327
17380.4   0.393323
17392.7   0.316574
17405.1   0.26454
17417.5   0.236845
17429.9   0.228474
17442.3   0.236428
17454.7   0.26003
17467.1   0.299565
17479.5   0.353248
17491.9   0.411863
17504.4   0.455428
17516.8   0.463558
17529.3   0.4352
17541.8   0.388136
17554.2   0.340242
17566.7   0.300238
17579.2   0.269996
17591.7   0.248553
17604.2   0.234286
17616.8   0.225698
17629.3   0.221591
17641.8   0.221039
17654.4   0.22331
17666.9   0.227795
17679.5   0.233962
17692.1   0.241312
17704.7   0.249371
17717.3   0.257678
17729.9   0.265799
17742.5   0.273336
17755.1   0.279936
17767.7   0.285313
17780.4   0.289242
17793   0.291572
17805.7   0.292224
17818.3   0.291185
17831   0.28852
17843.7   0.284361
17856.4   0.278917
17869.1   0.272467
17881.8   0.265358
17894.5   0.257994
17907.2   0.250823
17920   0.244326
17932.7   0.239013
17945.5   0.235426
17958.2   0.234157
17971   0.235888
17983.8   0.241445
17996.6   0.251875
18009.4   0.268523
18022.2   0.293051
18035   0.327206
18047.8   0.371871
18060.7   0.424541
18073.5   0.474983
18086.4   0.503552
18099.3   0.492501
18112.1   0.445138
18125   0.383704
18137.9   0.32859
18150.8   0.288984
18163.7   0.266829
18176.6   0.262289
18189.6   0.276841
18202.5   0.314556
18215.5   0.380686
18228.4   0.470347
18241.4   0.540154
18254.3   0.523049
18267.3   0.435968
18280.3   0.351677
18293.3   0.301671
18306.3   0.288004
18319.4   0.311392
18332.4   0.379442
18345.4   0.493058
18358.5   0.582607
18371.5   0.532012
18384.6   0.413578
18397.7   0.335396
18410.8   0.314693
18423.9   0.351843
18437   0.457557
18450.1   0.597396
18463.2   0.592066
18476.3   0.452931
18489.5   0.359287
18502.6   0.345397
18515.8   0.414245
18529   0.56974
18542.1   0.656313
18555.3   0.518896
18568.5   0.394796
18581.7   0.373307
18595   0.459135
18608.2   0.640727
18621.4   0.663109
18634.7   0.486933
18647.9   0.399199
18661.2   0.440561
18674.5   0.616213
18687.7   0.72082
18701   0.54112
18714.3   0.428933
18727.7   0.47152
18741   0.667537
18754.3   0.733789
18767.6   0.530828
18781   0.452534
18794.4   0.557846
18807.7   0.774595
18821.1   0.662393
18834.5   0.491506
18847.9   0.521154
18861.3   0.742053
18874.7   0.751315
18888.1   0.537624
18901.6   0.52604
18915   0.7379
18928.5   0.786932
18941.9   0.561889
18955.4   0.551507
18968.9   0.778673
18982.4   0.776449
18995.9   0.560861
19009.4   0.601867
19022.9   0.848113
19036.4   0.711982
19050   0.557932
19063.5   0.704265
19077.1   0.863675
19090.7   0.618222
19104.2   0.603609
19117.8   0.85637
19131.4   0.729276
19145   0.576603
19158.7   0.765334
19172.3   0.828926
19185.9   0.589573
19199.6   0.690585
19213.2   0.87875
19226.9   0.613811
19240.6   0.647627
19254.3   0.889389
19267.9   0.629296
19281.7   0.627325
19295.4   0.886507
19309.1   0.625308
19322.8   0.623596
19336.6   0.880349
19350.3   0.600544
19364.1   0.638937
19377.9   0.858292
19391.6   0.563601
19405.4   0.684104
19419.2   0.790654
19433.1   0.533511
19446.9   0.767407
19460.7   0.669715
19474.6   0.538838
19488.4   0.839878
19502.3   0.547361
19516.1   0.617865
19530   0.751298
19543.9   0.491138
19557.8   0.775135
19571.7   0.55401
19585.7   0.555455
19599.6   0.743244
19613.5   0.462161
19627.5   0.754527
19641.4   0.504766
19655.4   0.56251
19669.4   0.64987
19683.4   0.447363
19697.4   0.757109
19711.4   0.429383
19725.4   0.66223
19739.4   0.483531
19753.5   0.514068
19767.5   0.588264
19781.6   0.423767
19795.7   0.68619
19809.7   0.386788
19823.8   0.698201
19837.9   0.384558
19852   0.628559
19866.2   0.404203
19880.3   0.541505
19894.4   0.435819
19908.6   0.471812
19922.8   0.470108
19936.9   0.423661
19951.1   0.498868
19965.3   0.392159
19979.5   0.516718
19993.7   0.372257
20007.9   0.521584
20022.2   0.360701
20036.4   0.513354
20050.7   0.356159
20064.9   0.492361
20079.2   0.359101
20093.5   0.459312
20107.8   0.371758
20122.1   0.416696
20136.4   0.398045
20150.7   0.369994
20165   0.442476
20179.4   0.326896
20193.7   0.504028
20208.1   0.295131
20222.5   0.556922
20236.9   0.281592
20251.2   0.540467
20265.7   0.294462
20280.1   0.441519
20294.5   0.347447
20308.9   0.336482
20323.4   0.453131
20337.8   0.276775
20352.3   0.538274
20366.8   0.272213
20381.3   0.442492
20395.8   0.337962
20410.3   0.308563
20424.8   0.48408
20439.3   0.259592
20453.8   0.485002
20468.4   0.306186
20483   0.317017
20497.5   0.469346
20512.1   0.255248
20526.7   0.458933
20541.3   0.325999
20555.9   0.284411
20570.5   0.509729
20585.2   0.263667
20599.8   0.36131
20614.5   0.424203
20629.1   0.252162
20643.8   0.446711
20658.5   0.348271
20673.2   0.262534
20687.9   0.497
20702.6   0.309679
20717.3   0.277543
20732.1   0.511971
20746.8   0.295735
20761.6   0.285854
20776.3   0.515149
20791.1   0.298573
20805.9   0.282756
20820.7   0.513206
20835.5   0.319087
20850.3   0.271301
20865.2   0.488201
20880   0.367049
20894.8   0.261825
20909.7   0.420705
20924.6   0.454692
20939.5   0.271198
20954.4   0.334542
20969.3   0.535953
20984.2   0.327546
20999.1   0.278857
21014   0.458612
21029   0.469426
21043.9   0.288179
21058.9   0.321762
21073.9   0.538055
21088.9   0.414832
21103.9   0.286591
21118.9   0.357478
21133.9   0.565344
21149   0.413163
21164   0.296508
21179   0.362169
21194.1   0.5704
21209.2   0.463686
21224.3   0.31776
21239.4   0.339935
21254.5   0.523476
21269.6   0.569834
21284.7   0.379144
21299.9   0.324289
21315   0.415893
21330.2   0.611571
21345.4   0.540451
21360.5   0.377085
21375.7   0.346982
21390.9   0.445649
21406.1   0.633572
21421.4   0.596285
21436.6   0.428098
21451.9   0.367315
21467.1   0.417067
21482.4   0.574512
21497.7   0.696609
21513   0.576654
21528.3   0.440061
21543.6   0.399102
21558.9   0.448401
21574.2   0.585542
21589.6   0.72877
21604.9   0.688883
21620.3   0.547186
21635.7   0.458465
21651.1   0.443604
21666.5   0.49685
21681.9   0.614363
21697.3   0.750737
21712.7   0.786524
21728.2   0.694316
21743.6   0.583144
21759.1   0.515486
21774.6   0.497592
21790.1   0.524902
21805.6   0.594109
21821.1   0.696051
21836.6   0.799729
21852.1   0.852802
21867.7   0.828391
21883.2   0.755605
21898.8   0.678343
21914.4   0.61991
21930   0.585787
21945.6   0.574497
21961.2   0.583161
21976.8   0.608986
21992.4   0.649076
22008.1   0.699745
22023.7   0.755929
22039.4   0.811231
22055.1   0.85893
22070.8   0.893713
22086.4   0.913164
22102.2   0.918085
22117.9   0.911565
22133.6   0.897554
22149.4   0.879712
22165.1   0.860857
22180.9   0.842885
22196.7   0.826933
22212.4   0.813608
22228.2   0.803193
22244.1   0.795806
22259.9   0.791498
22275.7   0.790321
22291.6   0.792348
22307.4   0.797676
22323.3   0.806381
22339.2   0.818432
22355   0.833548
22370.9   0.850963
22386.9   0.869121
22402.8   0.885332
22418.7   0.89559
22434.7   0.894893
22450.6   0.87846
22466.6   0.843773
22482.6   0.792455
22498.6   0.730458
22514.6   0.666122
22530.6   0.607483
22546.6   0.560601
22562.6   0.52948
22578.7   0.516998
22594.8   0.526053
22610.8   0.560187
22626.9   0.622267
22643   0.7076
22659.1   0.787913
22675.2   0.806295
22691.4   0.733036
22707.5   0.61543
22723.7   0.514974
22739.8   0.456752
22756   0.444852
22772.2   0.482704
22788.4   0.576014
22804.6   0.701215
22820.8   0.742046
22837   0.626938
22853.3   0.486194
22869.5   0.408677
22885.8   0.402602
22902.1   0.472199
22918.4   0.615746
22934.7   0.69823
22951   0.566317
22967.3   0.418727
22983.6   0.364192
23000   0.403793
23016.4   0.545979
23032.7   0.663196
23049.1   0.51923
23065.5   0.372681
23081.9   0.343203
23098.3   0.431928
23114.8   0.611938
23131.2   0.552305
23147.7   0.371731
23164.1   0.323474
23180.6   0.412874
23197.1   0.600863
23213.6   0.492295
23230.1   0.330012
23246.6   0.325213
23263.2   0.483138
23279.7   0.572103
23296.3   0.363282
23312.8   0.300022
23329.4   0.415303
23346   0.578957
23362.6   0.373591
23379.2   0.291332
23395.9   0.407437
23412.5   0.563396
23429.2   0.344995
23445.8   0.291255
23462.5   0.45785
23479.2   0.502217
23495.9   0.297903
23512.6   0.32422
23529.3   0.549856
23546.1   0.372019
23562.8   0.280859
23579.6   0.451165
23596.3   0.46818
23613.1   0.280957
23629.9   0.372655
23646.7   0.530132
23663.6   0.29557
23680.4   0.336121
23697.2   0.549467
23714.1   0.306958
23731   0.326586
23747.8   0.552421
23764.7   0.306201
23781.6   0.337987
23798.5   0.545051
23815.5   0.294796
23832.4   0.376445
23849.4   0.503955
23866.3   0.284523
23883.3   0.457464
23900.3   0.417065
23917.3   0.296506
23934.3   0.56145
23951.3   0.329441
23968.4   0.367188
23985.4   0.520856
24002.5   0.296344
24019.5   0.535274
24036.6   0.362561
24053.7   0.36625
24070.8   0.536929
24088   0.308842
24105.1   0.582268
24122.2   0.34559
24139.4   0.443096
24156.6   0.460876
24173.8   0.3525
24190.9   0.598438
24208.2   0.330261
24225.4   0.622973
24242.6   0.354154
24259.8   0.544303
24277.1   0.411112
24294.4   0.46601
24311.7   0.488193
24328.9   0.419088
24346.3   0.567006
24363.6   0.397781
24380.9   0.630455
24398.2   0.392725
24415.6   0.672913
24433   0.397109
24450.3   0.699116
24467.7   0.406833
24485.1   0.715144
24502.6   0.420314
24520   0.722154
24537.4   0.438552
24554.9   0.715421
24572.3   0.465364
24589.8   0.6882
24607.3   0.507681
24624.8   0.639736
24642.3   0.575224
24659.9   0.581242
24677.4   0.67545
24695   0.532283
24712.5   0.790427
24730.1   0.512856
24747.7   0.839908
24765.3   0.542573
24782.9   0.758408
24800.5   0.644251
24818.2   0.633275
24835.8   0.811633
24853.5   0.572187
24871.2   0.880948
24888.9   0.62004
24906.6   0.738172
24924.3   0.793089
24942   0.619487
24959.8   0.912495
24977.5   0.65817
24995.3   0.750077
25013.1   0.858926
25030.8   0.640519
25048.6   0.891414
25066.5   0.753071
25084.3   0.689877
25102.1   0.941335
25120   0.697167
25137.9   0.754133
25155.7   0.925163
25173.6   0.677087
25191.5   0.798033
25209.5   0.903169
25227.4   0.669929
25245.3   0.806972
25263.3   0.900953
25281.3   0.665904
25299.2   0.777445
25317.2   0.920107
25335.2   0.671595
25353.3   0.713202
25371.3   0.933387
25389.3   0.710664
25407.4   0.638749
25425.5   0.866215
25443.6   0.811912
25461.7   0.605352
25479.8   0.699092
25497.9   0.90351
25516   0.681056
25534.2   0.572227
25552.3   0.738313
25570.5   0.863601
25588.7   0.618223
25606.9   0.543066
25625.1   0.709038
25643.4   0.842814
25661.6   0.610599
25679.8   0.503688
25698.1   0.60879
25716.4   0.814448
25734.7   0.678673
25753   0.493589
25771.3   0.48643
25789.6   0.64625
25808   0.783175
25826.3   0.601834
25844.7   0.452229
25863.1   0.447155
25881.5   0.575519
25899.9   0.739723
25918.3   0.6431
25936.8   0.467024
25955.2   0.398935
25973.7   0.433189
25992.1   0.563339
26010.6   0.698601
26029.1   0.626438
26047.6   0.468148
26066.2   0.380483
26084.7   0.367263
26103.3   0.419014
26121.8   0.531791
26140.4   0.646562
26159   0.630298
26177.6   0.508163
26196.2   0.402889
26214.9   0.347023
26233.5   0.332778
26252.2   0.353181
26270.9   0.406373
26289.5   0.487953
26308.2   0.574427
26327   0.616826
26345.7   0.586222
26364.4   0.512015
26383.2   0.436622
26401.9   0.378681
26420.7   0.339855
26439.5   0.316712
26458.3   0.305596
26477.1   0.303684
26496   0.308899
26514.8   0.319619
26533.7   0.334426
26552.6   0.351951
26571.4   0.370816
26590.3   0.389669
26609.3   0.40727
26628.2   0.422584
26647.1   0.434843
26666.1   0.443547
26685   0.448416
26704   0.449324
26723   0.446251
26742   0.439274
26761   0.428602
26780.1   0.414643
26799.1   0.398062
26818.2   0.3798
26837.3   0.361041
26856.4   0.343124
26875.5   0.327448
26894.6   0.315421
26913.7   0.308475
26932.9   0.3082
26952   0.316565
26971.2   0.336217
26990.4   0.370676
27009.6   0.42377
27028.8   0.496149
27048   0.575142
27067.2   0.6231
27086.5   0.600189
27105.8   0.519904
27125   0.433192
27144.3   0.371861
27163.6   0.343859
27183   0.351058
27202.3   0.39949
27221.6   0.498182
27241   0.625842
27260.4   0.667962
27279.8   0.565006
27299.2   0.444854
27318.6   0.384367
27338   0.391542
27357.5   0.475036
27376.9   0.633521
27396.4   0.717727
27415.9   0.588199
27435.4   0.454322
27454.9   0.419106
27474.4   0.491592
27494   0.672775
27513.5   0.756379
27533.1   0.586822
27552.7   0.46726
27572.3   0.487989
27591.9   0.658192
27611.5   0.807475
27631.2   0.639383
27650.8   0.505497
27670.5   0.549558
27690.2   0.763733
27709.9   0.807738
27729.6   0.59673
27749.3   0.548382
27769   0.718283
27788.8   0.874745
27808.6   0.668242
27828.3   0.581947
27848.1   0.745303
27867.9   0.899278
27887.8   0.683823
27907.6   0.627367
27927.5   0.834972
27947.3   0.875779
27967.2   0.663049
27987.1   0.713943
28007   0.938439
28026.9   0.77075
28046.9   0.676693
28066.8   0.884317
28086.8   0.870565
28106.7   0.686405
28126.7   0.830085
28146.7   0.923472
28166.8   0.703478
28186.8   0.805417
28206.9   0.938084
28226.9   0.70577
28247   0.808606
28267.1   0.924438
28287.2   0.689521
28307.3   0.84297
28327.4   0.868999
28347.6   0.671503
28367.8   0.909289
28387.9   0.76009
28408.1   0.692536
28428.3   0.93608
28448.6   0.647782
28468.8   0.806742
28489   0.781385
28509.3   0.632588
28529.6   0.912843
28549.9   0.599716
28570.2   0.80477
28590.5   0.680529
28610.8   0.637556
28631.2   0.810241
28651.6   0.549552
28671.9   0.864821
28692.3   0.529687
28712.7   0.794726
28733.2   0.551117
28753.6   0.684386
28774.1   0.591809
28794.5   0.595146
28815   0.632528
28835.5   0.535439
28856   0.659344
28876.5   0.497809
28897.1   0.666319
28917.6   0.475288
28938.2   0.652887
28958.8   0.464768
28979.4   0.619317
29000   0.467293
