2000 
    Freq test
7000   0.00405663
7004.98   0.00717271
7009.96   0.00528056
7014.95   0.00483653
7019.94   0.00805198
7024.93   0.00396244
7029.93   0.00931627
7034.93   0.00429265
7039.93   0.00636603
7044.94   0.00616506
7049.95   0.00437679
7054.97   0.00934054
7059.98   0.00401526
7065.01   0.00796241
7070.03   0.00517845
7075.06   0.00497919
7080.09   0.0084329
7085.13   0.00402238
7090.17   0.00899088
7095.21   0.00477592
7100.26   0.00547893
7105.31   0.00786097
7110.36   0.00409578
7115.42   0.0094006
7120.48   0.0047004
7125.55   0.00565498
7130.61   0.00788318
7135.69   0.00413406
7140.76   0.00936786
7145.84   0.00487915
7150.92   0.00544081
7156.01   0.00852588
7161.1   0.00414813
7166.19   0.00877196
7171.29   0.00540775
7176.39   0.00495267
7181.5   0.00965211
7186.61   0.00426875
7191.72   0.00744039
7196.83   0.00658962
7201.95   0.00445551
7207.07   0.0101734
7212.2   0.00477784
7217.33   0.00580619
7222.46   0.00881108
7227.6   0.00428213
7232.74   0.0083671
7237.89   0.00626334
7243.04   0.00463684
7248.19   0.0104206
7253.34   0.00489259
7258.5   0.00576629
7263.67   0.0094369
7268.83   0.00441142
7274   0.00766131
7279.18   0.00731952
7284.35   0.00448361
7289.54   0.00976823
7294.72   0.00583675
7299.91   0.00496408
7305.1   0.0107732
7310.3   0.00503496
7315.5   0.00578375
7320.7   0.0102127
7325.91   0.0046681
7331.12   0.00685756
7336.33   0.00901057
7341.55   0.00456203
7346.77   0.00803285
7352   0.00793071
7357.23   0.00460804
7362.46   0.00911182
7367.7   0.00717354
7372.94   0.00473117
7378.19   0.00994358
7383.43   0.0067103
7388.69   0.00487417
7393.94   0.0104892
7399.2   0.00647803
7404.46   0.00499363
7409.73   0.0107906
7415   0.00643352
7420.27   0.00506211
7425.55   0.0108913
7430.83   0.00656301
7436.12   0.00507157
7441.41   0.0107826
7446.7   0.00688386
7452   0.00503526
7457.3   0.0104028
7462.6   0.00744652
7467.91   0.00498724
7473.22   0.0096934
7478.54   0.00833173
7483.86   0.00498104
7489.18   0.00868663
7494.51   0.00961258
7499.84   0.00509137
7505.18   0.00754409
7510.51   0.0111816
7515.86   0.00542584
7521.2   0.00648726
7526.55   0.0123388
7531.91   0.0061557
7537.26   0.00569704
7542.62   0.0118454
7547.99   0.00756269
7553.36   0.00529066
7558.73   0.0096926
7564.11   0.00995053
7569.49   0.00538628
7574.87   0.00741381
7580.26   0.0125669
7585.65   0.00622843
7591.05   0.00595635
7596.45   0.0121313
7601.85   0.00834745
7607.26   0.00545605
7612.67   0.00887227
7618.08   0.0119725
7623.5   0.00602998
7628.93   0.00644881
7634.35   0.0129328
7639.78   0.00830455
7645.22   0.00562742
7650.65   0.0090361
7656.1   0.0126607
7661.54   0.00642428
7666.99   0.00632923
7672.45   0.0124533
7677.9   0.00977291
7683.36   0.00585893
7688.83   0.00785994
7694.3   0.0140914
7699.77   0.00783449
7705.25   0.00597366
7710.73   0.00991524
7716.21   0.0132749
7721.7   0.00690098
7727.19   0.00643563
7732.69   0.0119273
7738.19   0.011917
7743.7   0.00653309
7749.2   0.00700703
7754.72   0.0133823
7760.23   0.0110433
7765.75   0.00645766
7771.27   0.00748193
7776.8   0.0141919
7782.33   0.0108013
7787.87   0.00653642
7793.41   0.00771218
7798.95   0.014483
7804.5   0.0111843
7810.05   0.00673028
7815.61   0.00765059
7821.17   0.0142215
7826.73   0.0122539
7832.3   0.00709756
7837.87   0.00737162
7843.44   0.0131951
7849.02   0.0140769
7854.6   0.00781936
7860.19   0.00705948
7865.78   0.0114136
7871.38   0.0161832
7876.98   0.00926942
7882.58   0.00698084
7888.19   0.00941534
7893.8   0.0165119
7899.41   0.0120887
7905.03   0.0075126
7910.65   0.00790445
7916.28   0.0134946
7921.91   0.0163042
7927.55   0.00934846
7933.19   0.00736064
7938.83   0.00982446
7944.48   0.0170383
7950.13   0.0137521
7955.78   0.00832702
7961.44   0.00786423
7967.1   0.0119894
7972.77   0.0183981
7978.44   0.012257
7984.12   0.00811872
7989.8   0.00847786
7995.48   0.0135587
8001.17   0.0188155
8006.86   0.0119767
8012.55   0.00827984
8018.25   0.00883981
8023.96   0.0140248
8029.66   0.0194937
8035.37   0.0127923
8041.09   0.00870785
8046.81   0.00884829
8052.53   0.0132663
8058.26   0.0201522
8063.99   0.0149799
8069.73   0.00963465
8075.47   0.00873432
8081.21   0.0116127
8086.96   0.0189526
8092.71   0.0188853
8098.47   0.0117919
8104.23   0.00905831
8109.99   0.00995261
8115.76   0.0150277
8121.54   0.0217642
8127.31   0.0166797
8133.09   0.0108795
8138.88   0.00934491
8144.67   0.0111703
8150.46   0.0172803
8156.26   0.0227586
8162.06   0.0165366
8167.87   0.0111522
8173.68   0.00977463
8179.49   0.0115779
8185.31   0.0174473
8191.13   0.0238094
8196.96   0.0187206
8202.79   0.0125205
8208.62   0.0103167
8214.46   0.0111603
8220.3   0.0154797
8226.15   0.0231345
8232   0.0234444
8237.86   0.0160947
8243.72   0.0117919
8249.58   0.0108469
8255.45   0.0127022
8261.32   0.0181442
8267.2   0.0255701
8273.08   0.0239002
8278.96   0.0166142
8284.85   0.0124914
8290.74   0.0114826
8296.64   0.0130512
8302.54   0.0178231
8308.45   0.0254913
8314.36   0.0274133
8320.27   0.0205463
8326.19   0.0148829
8332.11   0.0124897
8338.04   0.0125814
8343.97   0.0151311
8349.91   0.0208662
8355.84   0.0283939
8361.79   0.0289916
8367.74   0.0220739
8373.69   0.0163731
8379.64   0.0136812
8385.6   0.013306
8391.57   0.015044
8397.54   0.0193906
8403.51   0.0265723
8409.49   0.0323915
8415.47   0.0296094
8421.46   0.0225605
8427.45   0.0174416
8433.44   0.0149361
8439.44   0.014454
8445.44   0.0157875
8451.45   0.0192404
8457.46   0.0252768
8463.48   0.0326606
8469.5   0.0356878
8475.52   0.0311006
8481.55   0.0243686
8487.58   0.0195101
8493.62   0.0168772
8499.66   0.0160042
8505.71   0.0166358
8511.76   0.0188484
8517.81   0.022977
8523.87   0.0292236
8529.93   0.0363123
8536   0.040081
8542.07   0.0374229
8548.15   0.0312411
8554.23   0.0255115
8560.31   0.0215559
8566.4   0.0192739
8572.5   0.0183417
8578.59   0.0185625
8584.7   0.01991
8590.8   0.0225072
8596.91   0.026562
8603.03   0.0321627
8609.15   0.038762
8615.27   0.0445064
8621.4   0.0467268
8627.53   0.0444375
8633.67   0.0394186
8639.81   0.0340304
8645.95   0.0295326
8652.1   0.0262255
8658.26   0.024012
8664.42   0.0227156
8670.58   0.0221907
8676.75   0.0223463
8682.92   0.0231435
8689.1   0.0245853
8695.28   0.0267059
8701.46   0.0295542
8707.65   0.0331683
8713.84   0.0375311
8720.04   0.0425079
8726.25   0.0477776
8732.45   0.0528054
8738.66   0.0569221
8744.88   0.0595347
8751.1   0.060365
8757.32   0.0595469
8763.55   0.0575158
8769.79   0.0547973
8776.02   0.0518425
8782.27   0.0489619
8788.51   0.0463332
8794.77   0.0440372
8801.02   0.0420944
8807.28   0.0404924
8813.55   0.0392032
8819.81   0.0381935
8826.09   0.0374294
8832.37   0.0368796
8838.65   0.0365158
8844.94   0.0363134
8851.23   0.036251
8857.52   0.0363105
8863.82   0.0364767
8870.13   0.036737
8876.44   0.0370813
8882.75   0.0375022
8889.07   0.0379946
8895.39   0.038556
8901.72   0.0391864
8908.05   0.0398889
8914.39   0.0406694
8920.73   0.0415371
8927.07   0.0425052
8933.42   0.0435908
8939.78   0.0448156
8946.14   0.0462069
8952.5   0.0477981
8958.87   0.0496296
8965.24   0.0517504
8971.62   0.0542187
8978   0.0571034
8984.39   0.0604845
8990.78   0.0644525
8997.17   0.0691045
9003.57   0.0745352
9009.98   0.0808183
9016.38   0.0879712
9022.8   0.0958979
9029.21   0.104307
9035.64   0.112626
9042.06   0.119957
9048.5   0.125175
9054.93   0.127239
9061.37   0.125617
9067.82   0.120581
9074.27   0.113114
9080.72   0.104507
9087.18   0.0959257
9093.65   0.0881962
9100.11   0.0817965
9106.59   0.0769589
9113.07   0.0737891
9119.55   0.0723649
9126.03   0.072809
9132.53   0.0753467
9139.02   0.080357
9145.52   0.088413
9152.03   0.100274
9158.54   0.116702
9165.05   0.137786
9171.57   0.161372
9178.09   0.181213
9184.62   0.188556
9191.16   0.179747
9197.69   0.160532
9204.24   0.139732
9210.78   0.12278
9217.33   0.111465
9223.89   0.105966
9230.45   0.106291
9237.02   0.112944
9243.59   0.127207
9250.16   0.150989
9256.74   0.185212
9263.33   0.224454
9269.92   0.250484
9276.51   0.244606
9283.11   0.214217
9289.71   0.181253
9296.32   0.157808
9302.93   0.146339
9309.55   0.146795
9316.17   0.160103
9322.8   0.188969
9329.43   0.23563
9336.06   0.29133
9342.71   0.322274
9349.35   0.301286
9356   0.25426
9362.66   0.215583
9369.31   0.196274
9375.98   0.197221
9382.65   0.21995
9389.32   0.268166
9396   0.338193
9402.68   0.39324
9409.37   0.381324
9416.07   0.324188
9422.76   0.275569
9429.47   0.255018
9436.17   0.265011
9442.88   0.308243
9449.6   0.38394
9456.32   0.458762
9463.05   0.463409
9469.78   0.403227
9476.52   0.347026
9483.26   0.326389
9490   0.346613
9496.75   0.408459
9503.51   0.494363
9510.27   0.53922
9517.03   0.500995
9523.8   0.438661
9530.58   0.407969
9537.35   0.423344
9544.14   0.482172
9550.93   0.5572
9557.72   0.586533
9564.52   0.550282
9571.32   0.504197
9578.13   0.491599
9584.94   0.519808
9591.76   0.571099
9598.58   0.605783
9605.41   0.599432
9612.24   0.575889
9619.08   0.56672
9625.92   0.577444
9632.77   0.592826
9639.62   0.598955
9646.48   0.601642
9653.34   0.612889
9660.21   0.625367
9667.08   0.615519
9673.95   0.584127
9680.83   0.566398
9687.72   0.590007
9694.61   0.642067
9701.51   0.652506
9708.41   0.587306
9715.31   0.52543
9722.22   0.530473
9729.14   0.606814
9736.06   0.665138
9742.99   0.587333
9749.92   0.485329
9756.85   0.469184
9763.79   0.553491
9770.74   0.649312
9777.69   0.562093
9784.64   0.43589
9791.6   0.415269
9798.57   0.511889
9805.54   0.619571
9812.51   0.50121
9819.49   0.375769
9826.47   0.374515
9833.46   0.497492
9840.46   0.570821
9847.46   0.408552
9854.46   0.317798
9861.47   0.359464
9868.49   0.511092
9875.51   0.469331
9882.53   0.3112
9889.56   0.283447
9896.59   0.389467
9903.63   0.491081
9910.68   0.327721
9917.73   0.246971
9924.78   0.299187
9931.84   0.448837
9938.91   0.345598
9945.98   0.227942
9953.05   0.244244
9960.13   0.385661
9967.21   0.34937
9974.3   0.213446
9981.4   0.210287
9988.5   0.335459
9995.6   0.335164
10002.7   0.196855
10009.8   0.188106
10016.9   0.30558
10024.1   0.305989
10031.2   0.176517
10038.3   0.174166
10045.5   0.294009
10052.6   0.264164
10059.8   0.154693
10066.9   0.16908
10074.1   0.294004
10081.3   0.213022
10088.4   0.13599
10095.6   0.176969
10102.8   0.284432
10110   0.162536
10117.2   0.125966
10124.4   0.204351
10131.6   0.233401
10138.8   0.125
10146   0.131801
10153.2   0.241593
10160.4   0.159232
10167.6   0.107384
10174.9   0.165656
10182.1   0.212596
10189.4   0.109654
10196.6   0.11591
10203.9   0.217186
10211.1   0.130559
10218.4   0.0952372
10225.6   0.166409
10232.9   0.163441
10240.2   0.0900028
10247.5   0.122454
10254.8   0.188888
10262.1   0.0933872
10269.4   0.0971076
10276.7   0.186597
10284   0.101598
10291.3   0.0834452
10298.6   0.16455
10305.9   0.111334
10313.3   0.0759545
10320.6   0.140976
10327.9   0.119369
10335.3   0.0714942
10342.6   0.123338
10350   0.123401
10357.4   0.0682974
10364.7   0.112087
10372.1   0.122636
10379.5   0.0654329
10386.9   0.10619
10394.3   0.117296
10401.6   0.0625837
10409   0.10494
10416.4   0.107897
10423.9   0.0599315
10431.3   0.108139
10438.7   0.0952542
10446.1   0.0580669
10453.5   0.1154
10461   0.0809768
10468.4   0.0579576
10475.9   0.123781
10483.3   0.067401
10490.8   0.0610837
10498.2   0.123939
10505.7   0.0567238
10513.2   0.0698251
10520.7   0.106021
10528.1   0.0504233
10535.6   0.0872352
10543.1   0.0784254
10550.6   0.04979
10558.1   0.108799
10565.6   0.0570059
10573.2   0.0574962
10580.7   0.103166
10588.2   0.0464201
10595.7   0.0789109
10603.3   0.0699848
10610.8   0.04656
10618.4   0.103672
10625.9   0.0479172
10633.5   0.0613228
10641   0.0795253
10648.6   0.0423817
10656.2   0.0934574
10663.8   0.0486706
10671.3   0.0540708
10678.9   0.0802642
10686.5   0.0401521
10694.1   0.0883763
10701.7   0.0460768
10709.3   0.0531206
10717   0.0725653
10724.6   0.0388338
10732.2   0.0890027
10739.9   0.04083
10747.5   0.0587604
10755.1   0.0581416
10762.8   0.0400033
10770.4   0.0842839
10778.1   0.0361374
10785.8   0.073508
10793.4   0.0428681
10801.1   0.048312
10808.8   0.0612698
10816.5   0.0364589
10824.2   0.0809117
10831.9   0.0341792
10839.6   0.0710488
10847.3   0.0389264
10855   0.0499156
10862.7   0.0510907
10870.5   0.0375365
10878.2   0.0685874
10885.9   0.0325706
10893.7   0.0766383
10901.4   0.0323503
10909.2   0.0655349
10916.9   0.0358798
10924.7   0.0501183
10932.5   0.0430391
10940.2   0.0394782
10948   0.0533784
10955.8   0.0334613
10963.6   0.0642899
10971.4   0.0304935
10979.2   0.0706134
10987   0.0294898
10994.8   0.0692576
11002.7   0.0298099
11010.5   0.0627177
11018.3   0.0310437
11026.2   0.0551041
11034   0.0328707
11041.8   0.0485895
11049.7   0.0349885
11057.6   0.0436579
11065.4   0.0370943
11073.3   0.0401357
11081.2   0.0389031
11089.1   0.0377262
11096.9   0.0401798
11104.8   0.0361817
11112.7   0.0407647
11120.6   0.0353398
11128.5   0.0405806
11136.5   0.0351213
11144.4   0.0396278
11152.3   0.0355255
11160.2   0.0379804
11168.2   0.0366266
11176.1   0.0357846
11184.1   0.038573
11192   0.0332536
11200   0.0415727
11208   0.0306469
11215.9   0.0458166
11223.9   0.0282375
11231.9   0.0512111
11239.9   0.0262843
11247.9   0.0567125
11255.9   0.0250289
11263.9   0.059542
11271.9   0.0247315
11279.9   0.0564144
11287.9   0.0257547
11296   0.0477308
11304   0.0287041
11312   0.0378258
11320.1   0.0345757
11328.1   0.0300953
11336.2   0.0443086
11344.3   0.0254265
11352.3   0.0550439
11360.4   0.0237174
11368.5   0.0549939
11376.6   0.025157
11384.7   0.0421988
11392.8   0.0309627
11400.9   0.0303528
11409   0.0431309
11417.1   0.0243015
11425.2   0.0554567
11433.3   0.0233993
11441.5   0.0470321
11449.6   0.0281198
11457.8   0.0314082
11465.9   0.0413034
11474.1   0.0237848
11482.2   0.0548443
11490.4   0.0234891
11498.6   0.0412942
11506.7   0.0314583
11514.9   0.0265967
11523.1   0.0498093
11531.3   0.0224995
11539.5   0.0475203
11547.7   0.0277914
11555.9   0.0285891
11564.2   0.0461597
11572.4   0.0223059
11580.6   0.0483273
11588.9   0.0274252
11597.1   0.0279183
11605.3   0.0475621
11613.6   0.0221451
11621.9   0.0441635
11630.1   0.0301614
11638.4   0.0249971
11646.7   0.0522396
11655   0.0229331
11663.3   0.035013
11671.5   0.0384262
11679.8   0.0222215
11688.2   0.0488102
11696.5   0.0276664
11704.8   0.0256017
11713.1   0.0516897
11721.4   0.0230577
11729.8   0.0322944
11738.1   0.0428631
11746.5   0.0218007
11754.8   0.040823
11763.2   0.0343612
11771.6   0.0223007
11779.9   0.0480543
11788.3   0.0291711
11796.7   0.0236459
11805.1   0.0516349
11813.5   0.0263778
11821.9   0.0251418
11830.3   0.0523041
11838.7   0.0250293
11847.1   0.0262166
11855.6   0.0520727
11864   0.0245953
11872.4   0.0264959
11880.9   0.0521296
11889.3   0.0248919
11897.8   0.0258878
11906.2   0.0524154
11914.7   0.0260372
11923.2   0.0246072
11931.7   0.0516152
11940.2   0.028484
11948.7   0.0231272
11957.2   0.0476872
11965.7   0.0331107
11974.2   0.022087
11982.7   0.0401493
11991.2   0.041013
11999.7   0.0222718
12008.3   0.0316429
12016.8   0.0507038
12025.4   0.0248589
12033.9   0.0252499
12042.5   0.0512378
12051   0.0321004
12059.6   0.0223347
12068.2   0.0381429
12076.8   0.0463246
12085.4   0.0238283
12094   0.0266516
12102.6   0.0524422
12111.2   0.0327657
12119.8   0.0225028
12128.4   0.0354218
12137   0.0512906
12145.7   0.0263682
12154.3   0.0241378
12163   0.0449559
12171.6   0.0436795
12180.3   0.0240806
12188.9   0.0266616
12197.6   0.0510127
12206.3   0.0389988
12215   0.0235304
12223.6   0.0284765
12232.3   0.0532815
12241   0.0380016
12249.7   0.0237017
12258.5   0.0286079
12267.2   0.0529644
12275.9   0.0404959
12284.6   0.0244841
12293.4   0.0271038
12302.1   0.0491564
12310.9   0.0470007
12319.6   0.0266715
12328.4   0.0250535
12337.2   0.0408676
12345.9   0.0560103
12354.7   0.0323919
12363.5   0.0242499
12372.3   0.0313934
12381.1   0.054979
12389.9   0.0456271
12398.7   0.0273248
12407.5   0.0255416
12416.4   0.0386713
12425.2   0.059435
12434   0.0399327
12442.9   0.0263159
12451.7   0.0270308
12460.6   0.0422441
12469.4   0.0605224
12478.3   0.0402399
12487.2   0.0270314
12496.1   0.0271206
12505   0.0402055
12513.9   0.0614344
12522.8   0.046706
12531.7   0.0298809
12540.6   0.026472
12549.5   0.0339568
12558.4   0.0547423
12567.4   0.0599758
12576.3   0.038574
12585.2   0.028113
12594.2   0.0282969
12603.2   0.0389015
12612.1   0.0603189
12621.1   0.0596048
12630.1   0.0390491
12639.1   0.0291574
12648   0.0287825
12657   0.0373559
12666   0.056833
12675.1   0.0666876
12684.1   0.0482397
12693.1   0.0337333
12702.1   0.029061
12711.2   0.0318207
12720.2   0.043112
12729.2   0.0629078
12738.3   0.0685633
12747.4   0.0505785
12756.4   0.0363277
12765.5   0.0307328
12774.6   0.0315824
12783.7   0.0389651
12792.8   0.0545647
12801.9   0.0719192
12811   0.0683108
12820.1   0.0506337
12829.2   0.0381694
12838.3   0.0327525
12847.5   0.0326159
12856.6   0.0374424
12865.7   0.0483509
12874.9   0.0652501
12884   0.07799
12893.2   0.0716898
12902.4   0.0557169
12911.6   0.0434203
12920.7   0.0367691
12929.9   0.0344962
12939.1   0.0358123
12948.3   0.0407993
12957.5   0.0501538
12966.8   0.0640743
12976   0.0788944
12985.2   0.0849256
12994.4   0.077376
13003.7   0.0640084
13012.9   0.0524422
13022.2   0.0446504
13031.5   0.0401825
13040.7   0.0383225
13050   0.0386254
13059.3   0.040945
13068.6   0.045367
13077.9   0.052103
13087.2   0.0612747
13096.5   0.0724674
13105.8   0.0840858
13115.1   0.0931563
13124.5   0.0966865
13133.8   0.0939761
13143.1   0.0870172
13152.5   0.0785699
13161.8   0.0705428
13171.2   0.0637711
13180.6   0.058424
13189.9   0.0543828
13199.3   0.0514454
13208.7   0.0494122
13218.1   0.048112
13227.5   0.0474056
13236.9   0.0471803
13246.3   0.0473438
13255.8   0.0478184
13265.2   0.0485365
13274.6   0.0494377
13284.1   0.0504664
13293.5   0.0515713
13303   0.0527051
13312.4   0.0538247
13321.9   0.054892
13331.4   0.0558749
13340.9   0.0567483
13350.3   0.0574951
13359.8   0.0581069
13369.3   0.0585847
13378.9   0.0589394
13388.4   0.0591919
13397.9   0.0593731
13407.4   0.0595241
13417   0.0596959
13426.5   0.0599496
13436.1   0.0603573
13445.6   0.0610031
13455.2   0.0619864
13464.7   0.0634255
13474.3   0.0654645
13483.9   0.0682817
13493.5   0.0721015
13503.1   0.0772069
13512.7   0.083948
13522.3   0.0927322
13531.9   0.103959
13541.6   0.117821
13551.2   0.133857
13560.8   0.150204
13570.5   0.163041
13580.1   0.167591
13589.8   0.161402
13599.4   0.146791
13609.1   0.128962
13618.8   0.112358
13628.5   0.0992268
13638.2   0.0902184
13647.9   0.0853485
13657.6   0.0846396
13667.3   0.0884786
13677   0.0978514
13686.8   0.114449
13696.5   0.140091
13706.2   0.173518
13716   0.202756
13725.7   0.206142
13735.5   0.180676
13745.3   0.147625
13755.1   0.122403
13764.8   0.108222
13774.6   0.104427
13784.4   0.111153
13794.2   0.13078
13804   0.167325
13813.9   0.217608
13823.7   0.248127
13833.5   0.222939
13843.4   0.174869
13853.2   0.140642
13863.1   0.126044
13872.9   0.129637
13882.8   0.15388
13892.7   0.205074
13902.5   0.2712
13912.4   0.281355
13922.3   0.222626
13932.2   0.170779
13942.1   0.149032
13952.1   0.155559
13962   0.194626
13971.9   0.272127
13981.9   0.331277
13991.8   0.27989
14001.8   0.207193
14011.7   0.175046
14021.7   0.183583
14031.6   0.238652
14041.6   0.339098
14051.6   0.36677
14061.6   0.276214
14071.6   0.212606
14081.6   0.205372
14091.6   0.256556
14101.7   0.370757
14111.7   0.415522
14121.7   0.310909
14131.8   0.241091
14141.8   0.243908
14151.9   0.325341
14162   0.457897
14172   0.42147
14182.1   0.30409
14192.2   0.269783
14202.3   0.328437
14212.4   0.476333
14222.5   0.496121
14232.6   0.359981
14242.7   0.308773
14252.9   0.370535
14263   0.532506
14273.2   0.534182
14283.3   0.390425
14293.5   0.355956
14303.6   0.456712
14313.8   0.617368
14324   0.526066
14334.2   0.407364
14344.4   0.435321
14354.6   0.60262
14364.8   0.641509
14375   0.487692
14385.2   0.459737
14395.5   0.596547
14405.7   0.705381
14416   0.563805
14426.2   0.505904
14436.5   0.623097
14446.7   0.741408
14457   0.616715
14467.3   0.560102
14477.6   0.675376
14487.9   0.762581
14498.2   0.646418
14508.5   0.620825
14518.8   0.738858
14529.1   0.76172
14539.5   0.667506
14549.8   0.693145
14560.2   0.782592
14570.5   0.740318
14580.9   0.703978
14591.3   0.764209
14601.6   0.771985
14612   0.73199
14622.4   0.765625
14632.8   0.776005
14643.2   0.737922
14653.6   0.77509
14664.1   0.785547
14674.5   0.723081
14684.9   0.767115
14695.4   0.804833
14705.8   0.704735
14716.3   0.736517
14726.8   0.821988
14737.2   0.689763
14747.7   0.694165
14758.2   0.827573
14768.7   0.674673
14779.2   0.650697
14789.7   0.821511
14800.3   0.652692
14810.8   0.61152
14821.3   0.809304
14831.9   0.618417
14842.4   0.579773
14853   0.794504
14863.5   0.570424
14874.1   0.559689
14884.7   0.77179
14895.3   0.513134
14905.9   0.558208
14916.5   0.723107
14927.1   0.457194
14937.7   0.584118
14948.3   0.629776
14959   0.417243
14969.6   0.637699
14980.2   0.505804
14990.9   0.409898
15001.6   0.669264
15012.2   0.397883
15022.9   0.455579
15033.6   0.573564
15044.3   0.341648
15055   0.56043
15065.7   0.405832
15076.4   0.357269
15087.1   0.573757
15097.9   0.306474
15108.6   0.470212
15119.4   0.387553
15130.1   0.309298
15140.9   0.529834
15151.6   0.272022
15162.4   0.439488
15173.2   0.330088
15184   0.292715
15194.8   0.455095
15205.6   0.239892
15216.4   0.455776
15227.2   0.255281
15238.1   0.320934
15248.9   0.328332
15259.8   0.23511
15270.6   0.419526
15281.5   0.206111
15292.3   0.405283
15303.2   0.214499
15314.1   0.306767
15325   0.253019
15335.9   0.230107
15346.8   0.313176
15357.7   0.189478
15368.6   0.363386
15379.6   0.172439
15390.5   0.361603
15401.5   0.170006
15412.4   0.315038
15423.4   0.177097
15434.4   0.261515
15445.3   0.190203
15456.3   0.219486
15467.3   0.206017
15478.3   0.190224
15489.3   0.221136
15500.3   0.170464
15511.4   0.232628
15522.4   0.157095
15533.4   0.238732
15544.5   0.147974
15555.5   0.238976
15566.6   0.141815
15577.7   0.233628
15588.8   0.138005
15599.9   0.22308
15611   0.136476
15622.1   0.207711
15633.2   0.137661
15644.3   0.188265
15655.4   0.142503
15666.6   0.166334
15677.7   0.1525
15688.8   0.144345
15700   0.169536
15711.2   0.124908
15722.3   0.194391
15733.5   0.110119
15744.7   0.220916
15755.9   0.101464
15767.1   0.227474
15778.3   0.100473
15789.6   0.195664
15800.8   0.109959
15812   0.14718
15823.3   0.135365
15834.5   0.110579
15845.8   0.179789
15857.1   0.0923555
15868.4   0.206499
15879.6   0.091588
15890.9   0.16133
15902.2   0.112324
15913.6   0.108392
15924.9   0.163169
15936.2   0.085267
15947.5   0.190024
15958.9   0.0891835
15970.2   0.12772
15981.6   0.12771
15993   0.0856779
16004.3   0.183622
16015.7   0.0816633
16027.1   0.129806
16038.5   0.118698
16049.9   0.081574
16061.3   0.176416
16072.8   0.0805064
16084.2   0.111316
16095.6   0.131679
16107.1   0.073946
16118.5   0.156639
16130   0.0904592
16141.5   0.0839961
16153   0.162027
16164.4   0.0736484
16175.9   0.104839
16187.4   0.130494
16199   0.0688453
16210.5   0.128485
16222   0.104193
16233.6   0.0692018
16245.1   0.144508
16256.7   0.0893858
16268.2   0.0709214
16279.8   0.149914
16291.4   0.082137
16303   0.07158
16314.6   0.149132
16326.2   0.0797775
16337.8   0.0700243
16349.4   0.14514
16361   0.0816772
16372.7   0.0665259
16384.3   0.135853
16396   0.0890598
16407.6   0.0626305
16419.3   0.117512
16431   0.104786
16442.7   0.0607984
16454.4   0.0928529
16466.1   0.129038
16477.8   0.0645351
16489.5   0.0713353
16501.2   0.138252
16513   0.0801524
16524.7   0.0597054
16536.5   0.103975
16548.2   0.116324
16560   0.0615727
16571.8   0.0689026
16583.6   0.131756
16595.4   0.0866388
16607.2   0.0573368
16619   0.0821185
16630.8   0.133239
16642.6   0.0733379
16654.5   0.0572152
16666.3   0.0904181
16678.2   0.127954
16690   0.0695649
16701.9   0.0568561
16713.8   0.088915
16725.7   0.128684
16737.6   0.0726306
16749.5   0.0555894
16761.4   0.0781598
16773.3   0.129874
16785.2   0.0853692
16797.2   0.0562192
16809.1   0.063935
16821.1   0.110775
16833   0.113426
16845   0.0656228
16857   0.05504
16869   0.0755207
16881   0.124782
16893   0.0986353
16905   0.0609176
16917   0.0555373
16929.1   0.0776056
16941.1   0.12414
16953.2   0.102298
16965.2   0.0637722
16977.3   0.0544383
16989.4   0.0679366
17001.4   0.108568
17013.5   0.122299
17025.6   0.0793461
17037.8   0.0570684
17049.9   0.0562871
17062   0.0754111
17074.1   0.115838
17086.3   0.120366
17098.4   0.0806594
17110.6   0.0587333
17122.8   0.0551517
17134.9   0.0669576
17147.1   0.0977686
17159.3   0.128646
17171.5   0.107439
17183.8   0.0741307
17196   0.0580879
17208.2   0.0556666
17220.4   0.0649407
17232.7   0.0884438
17245   0.12148
17257.2   0.126957
17269.5   0.0975375
17281.8   0.071908
17294.1   0.0592264
17306.4   0.0562642
17318.7   0.0613703
17331   0.0754344
17343.3   0.0996554
17355.7   0.126403
17368   0.131805
17380.4   0.110908
17392.7   0.0865491
17405.1   0.0700293
17417.5   0.061186
17429.9   0.0581012
17442.3   0.0596787
17454.7   0.0657326
17467.1   0.0766724
17479.5   0.092831
17491.9   0.112847
17504.4   0.13129
17516.8   0.139588
17529.3   0.133916
17541.8   0.119404
17554.2   0.103374
17566.7   0.0897701
17579.2   0.0795206
17591.7   0.0722968
17604.2   0.0674961
17616.8   0.0645756
17629.3   0.0631166
17641.8   0.0628083
17654.4   0.0634162
17666.9   0.0647544
17679.5   0.0666645
17692.1   0.0690015
17704.7   0.0716256
17717.3   0.0743986
17729.9   0.0771844
17742.5   0.0798521
17755.1   0.0822807
17767.7   0.0843644
17780.4   0.0860165
17793   0.0871734
17805.7   0.0877966
17818.3   0.0878748
17831   0.0874242
17843.7   0.0864893
17856.4   0.0851421
17869.1   0.08348
17881.8   0.0816229
17894.5   0.0797091
17907.2   0.0778913
17920   0.0763335
17932.7   0.0752114
17945.5   0.0747168
17958.2   0.0750683
17971   0.0765299
17983.8   0.0794392
17996.6   0.0842465
18009.4   0.0915591
18022.2   0.102165
18035   0.116941
18047.8   0.136372
18060.7   0.159149
18073.5   0.17975
18086.4   0.188217
18099.3   0.178044
18112.1   0.154678
18125   0.129341
18137.9   0.109056
18150.8   0.0957288
18163.7   0.0891906
18176.6   0.0892886
18189.6   0.0968395
18202.5   0.11412
18215.5   0.144304
18228.4   0.185197
18241.4   0.212387
18254.3   0.194739
18267.3   0.152984
18280.3   0.119971
18293.3   0.102976
18306.3   0.100428
18319.4   0.112888
18332.4   0.145403
18345.4   0.199936
18358.5   0.235568
18371.5   0.198336
18384.6   0.144989
18397.7   0.116386
18410.8   0.11203
18423.9   0.13214
18437   0.185305
18450.1   0.252226
18463.2   0.230429
18476.3   0.16181
18489.5   0.12677
18502.6   0.126628
18515.8   0.164029
18529   0.246147
18542.1   0.272501
18555.3   0.19094
18568.5   0.141221
18581.7   0.139679
18595   0.18917
18608.2   0.288389
18621.4   0.26952
18634.7   0.1778
18647.9   0.147917
18661.2   0.178963
18674.5   0.283591
18687.7   0.311754
18701   0.202389
18714.3   0.161961
18727.7   0.198682
18741   0.322328
18754.3   0.315169
18767.6   0.20058
18781   0.18055
18794.4   0.260372
18807.7   0.384483
18821.1   0.26556
18834.5   0.194031
18847.9   0.238276
18861.3   0.394823
18874.7   0.324229
18888.1   0.216016
18901.6   0.245609
18915   0.413697
18928.5   0.354142
18941.9   0.234273
18955.4   0.275874
18968.9   0.461467
18982.4   0.3485
18995.9   0.250258
19009.4   0.34197
19022.9   0.502915
19036.4   0.316939
19050   0.284802
19063.5   0.470877
19077.1   0.450984
19090.7   0.298256
19104.2   0.388868
19117.8   0.566567
19131.4   0.355267
19145   0.355405
19158.7   0.592244
19172.3   0.434556
19185.9   0.358072
19199.6   0.579974
19213.2   0.511879
19226.9   0.379573
19240.6   0.580618
19254.3   0.569682
19267.9   0.409114
19281.7   0.60755
19295.4   0.602197
19309.1   0.442482
19322.8   0.661222
19336.6   0.609238
19350.3   0.483185
19364.1   0.733516
19377.9   0.595592
19391.6   0.54326
19405.4   0.793158
19419.2   0.577565
19433.1   0.640286
19446.9   0.787634
19460.7   0.583778
19474.6   0.772651
19488.4   0.718059
19502.3   0.64817
19516.1   0.851936
19530   0.667346
19543.9   0.782354
19557.8   0.791364
19571.7   0.709419
19585.7   0.869427
19599.6   0.729244
19613.5   0.835238
19627.5   0.801122
19641.4   0.790325
19655.4   0.855649
19669.4   0.783502
19683.4   0.867388
19697.4   0.798119
19711.4   0.862863
19725.4   0.809671
19739.4   0.86094
19753.5   0.812952
19767.5   0.856506
19781.6   0.817298
19795.7   0.838898
19809.7   0.830183
19823.8   0.806891
19837.9   0.85085
19852   0.767964
19866.2   0.872842
19880.3   0.729951
19894.4   0.888922
19908.6   0.696505
19922.8   0.895074
19936.9   0.667532
19951.1   0.89172
19965.3   0.641167
19979.5   0.882206
19993.7   0.615402
20007.9   0.870266
20022.2   0.589093
20036.4   0.857877
20050.7   0.562522
20064.9   0.843599
20079.2   0.537649
20093.5   0.821248
20107.8   0.518128
20122.1   0.780309
20136.4   0.50924
20150.7   0.711688
20165   0.5179
20179.4   0.618648
20193.7   0.552271
20208.1   0.520507
20222.5   0.616942
20236.9   0.44068
20251.2   0.689593
20265.7   0.394953
20280.1   0.685808
20294.5   0.393924
20308.9   0.55803
20323.4   0.452303
20337.8   0.414695
20352.3   0.572948
20366.8   0.338321
20381.3   0.615723
20395.8   0.342092
20410.3   0.451745
20424.8   0.443846
20439.3   0.318041
20453.8   0.573042
20468.4   0.297037
20483   0.427631
20497.5   0.401436
20512.1   0.282354
20526.7   0.528797
20541.3   0.280886
20555.9   0.339907
20570.5   0.435374
20585.2   0.243396
20599.8   0.42398
20614.5   0.32014
20629.1   0.243409
20643.8   0.462668
20658.5   0.256625
20673.2   0.256285
20687.9   0.441037
20702.6   0.224611
20717.3   0.265632
20732.1   0.405895
20746.8   0.207381
20761.6   0.261516
20776.3   0.385045
20791.1   0.197928
20805.9   0.241752
20820.7   0.380827
20835.5   0.196131
20850.3   0.211285
20865.2   0.376539
20880   0.207815
20894.8   0.180482
20909.7   0.334373
20924.6   0.245431
20939.5   0.161587
20954.4   0.247841
20969.3   0.314859
20984.2   0.168063
20999.1   0.174257
21014   0.317167
21029   0.224377
21043.9   0.146917
21058.9   0.201201
21073.9   0.315694
21088.9   0.181422
21103.9   0.140731
21118.9   0.212939
21133.9   0.295586
21149   0.167707
21164   0.134341
21179   0.197556
21194.1   0.289684
21209.2   0.175045
21224.3   0.127444
21239.4   0.161752
21254.5   0.269507
21269.6   0.213087
21284.7   0.131802
21299.9   0.127467
21315   0.193013
21330.2   0.267258
21345.4   0.175208
21360.5   0.120492
21375.7   0.125162
21390.9   0.187991
21406.1   0.25741
21421.4   0.180589
21436.6   0.121221
21451.9   0.113014
21467.1   0.147861
21482.4   0.226002
21497.7   0.228177
21513   0.150229
21528.3   0.111507
21543.6   0.109147
21558.9   0.139234
21574.2   0.204444
21589.6   0.234321
21604.9   0.173126
21620.3   0.122133
21635.7   0.102971
21651.1   0.106972
21666.5   0.133902
21681.9   0.185859
21697.3   0.227958
21712.7   0.199441
21728.2   0.146272
21743.6   0.112959
21759.1   0.0991661
21774.6   0.0996232
21790.1   0.113058
21805.6   0.141001
21821.1   0.18178
21836.6   0.215954
21852.1   0.2123
21867.7   0.177539
21883.2   0.141682
21898.8   0.11673
21914.4   0.102131
21930   0.0952446
21945.6   0.0942019
21961.2   0.0980459
21976.8   0.106421
21992.4   0.119224
22008.1   0.136175
22023.7   0.156264
22039.4   0.177226
22055.1   0.195592
22070.8   0.207841
22086.4   0.212178
22102.2   0.209334
22117.9   0.20172
22133.6   0.191963
22149.4   0.182019
22165.1   0.173023
22180.9   0.165498
22196.7   0.159609
22212.4   0.155352
22228.2   0.152665
22244.1   0.151486
22259.9   0.151782
22275.7   0.153563
22291.6   0.156877
22307.4   0.161795
22323.3   0.168375
22339.2   0.176586
22355   0.186173
22370.9   0.196439
22386.9   0.205974
22402.8   0.212518
22418.7   0.213321
22434.7   0.206322
22450.6   0.191609
22466.6   0.171783
22482.6   0.150614
22498.6   0.131294
22514.6   0.115657
22530.6   0.104415
22546.6   0.097752
22562.6   0.0958598
22578.7   0.0993433
22594.8   0.109587
22610.8   0.128992
22626.9   0.160065
22643   0.199315
22659.1   0.223963
22675.2   0.206661
22691.4   0.164243
22707.5   0.128101
22723.7   0.107358
22739.8   0.10084
22756   0.108259
22772.2   0.133484
22788.4   0.181918
22804.6   0.23124
22820.8   0.212914
22837   0.15487
22853.3   0.117491
22869.5   0.106016
22885.8   0.118221
22902.1   0.161507
22918.4   0.231048
22934.7   0.227555
22951   0.156775
22967.3   0.117344
22983.6   0.11413
23000   0.148369
23016.4   0.227928
23032.7   0.241889
23049.1   0.159575
23065.5   0.119665
23081.9   0.127168
23098.3   0.19017
23114.8   0.26854
23131.2   0.191584
23147.7   0.129811
23164.1   0.130834
23180.6   0.199956
23197.1   0.279783
23213.6   0.1829
23230.1   0.130805
23246.6   0.154069
23263.2   0.263322
23279.7   0.246946
23296.3   0.149063
23312.8   0.145124
23329.4   0.241305
23346   0.282637
23362.6   0.163484
23379.2   0.150592
23395.9   0.254254
23412.5   0.286668
23429.2   0.164174
23445.8   0.168042
23462.5   0.305925
23479.2   0.25206
23495.9   0.160137
23512.6   0.217455
23529.3   0.348497
23546.1   0.196176
23562.8   0.180688
23579.6   0.337647
23596.3   0.258696
23613.1   0.17739
23629.9   0.293814
23646.7   0.322201
23663.6   0.188007
23680.4   0.272884
23697.2   0.365365
23714.1   0.201309
23731   0.276238
23747.8   0.385883
23764.7   0.211529
23781.6   0.303046
23798.5   0.382584
23815.5   0.219746
23832.4   0.360196
23849.4   0.349663
23866.3   0.235562
23883.3   0.449114
23900.3   0.299269
23917.3   0.280417
23934.3   0.494806
23951.3   0.265424
23968.4   0.394686
23985.4   0.399153
24002.5   0.285603
24019.5   0.545021
24036.6   0.304793
24053.7   0.421727
24070.8   0.435443
24088   0.326564
24105.1   0.588904
24122.2   0.325736
24139.4   0.545714
24156.6   0.399024
24173.8   0.436587
24190.9   0.530229
24208.2   0.383565
24225.4   0.651363
24242.6   0.381478
24259.8   0.679336
24277.1   0.414181
24294.4   0.63925
24311.7   0.469482
24328.9   0.593996
24346.3   0.535143
24363.6   0.567789
24380.9   0.598775
24398.2   0.561588
24415.6   0.651227
24433   0.571377
24450.3   0.688418
24467.7   0.594038
24485.1   0.709826
24502.6   0.628555
24520   0.716428
24537.4   0.675744
24554.9   0.710609
24572.3   0.73661
24589.8   0.697636
24607.3   0.807989
24624.8   0.686685
24642.3   0.874847
24659.9   0.690043
24677.4   0.907717
24695   0.720569
24712.5   0.886095
24730.1   0.785497
24747.7   0.832399
24765.3   0.8689
24782.9   0.796817
24800.5   0.914204
24818.2   0.814214
24835.8   0.884741
24853.5   0.875149
24871.2   0.843289
24888.9   0.904045
24906.6   0.862025
24924.3   0.860075
24942   0.910102
24959.8   0.843955
24977.5   0.870016
24995.3   0.909387
25013.1   0.807885
25030.8   0.896257
25048.6   0.874313
25066.5   0.777539
25084.3   0.922652
25102.1   0.817366
25120   0.756299
25137.9   0.93161
25155.7   0.762249
25173.6   0.731142
25191.5   0.924422
25209.5   0.720549
25227.4   0.68981
25245.3   0.906368
25263.3   0.700077
25281.3   0.630736
25299.2   0.863792
25317.2   0.714126
25335.2   0.569058
25353.3   0.762686
25371.3   0.774365
25389.3   0.536672
25407.4   0.609271
25425.5   0.822378
25443.6   0.578739
25461.7   0.486871
25479.8   0.679451
25497.9   0.723309
25516   0.475588
25534.2   0.468899
25552.3   0.68972
25570.5   0.638767
25588.7   0.42451
25606.9   0.431267
25625.1   0.635971
25643.4   0.621814
25661.6   0.405679
25679.8   0.372385
25698.1   0.51664
25716.4   0.64546
25734.7   0.444201
25753   0.332425
25771.3   0.36856
25789.6   0.537193
25808   0.571277
25826.3   0.383093
25844.7   0.298324
25863.1   0.325458
25881.5   0.45889
25899.9   0.554193
25918.3   0.410483
25936.8   0.291936
25955.2   0.264866
25973.7   0.313389
25992.1   0.434957
26010.6   0.506755
26029.1   0.394954
26047.6   0.283206
26066.2   0.237523
26084.7   0.243279
26103.3   0.296996
26121.8   0.394391
26140.4   0.459856
26159   0.399109
26177.6   0.299502
26196.2   0.235682
26214.9   0.208177
26233.5   0.207649
26252.2   0.230664
26270.9   0.277468
26289.5   0.342573
26308.2   0.397632
26327   0.400099
26345.7   0.350808
26364.4   0.289462
26383.2   0.240385
26401.9   0.207281
26420.7   0.187075
26439.5   0.176332
26458.3   0.172561
26477.1   0.174096
26496   0.179778
26514.8   0.188682
26533.7   0.199938
26552.6   0.212626
26571.4   0.225766
26590.3   0.238371
26609.3   0.249559
26628.2   0.258646
26647.1   0.265199
26666.1   0.269014
26685   0.270048
26704   0.268332
26723   0.263919
26742   0.256872
26761   0.247306
26780.1   0.235455
26799.1   0.221745
26818.2   0.206819
26837.3   0.191492
26856.4   0.176663
26875.5   0.163197
26894.6   0.151858
26913.7   0.143297
26932.9   0.138121
26952   0.137028
26971.2   0.141007
26990.4   0.151591
27009.6   0.171079
27028.8   0.202136
27048   0.244532
27067.2   0.285093
27086.5   0.292176
27105.8   0.253093
27125   0.19925
27144.3   0.158199
27163.6   0.135503
27183   0.129629
27202.3   0.141137
27221.6   0.175469
27241   0.237052
27260.4   0.286635
27279.8   0.24743
27299.2   0.17689
27318.6   0.13661
27338   0.12762
27357.5   0.14907
27376.9   0.211491
27396.4   0.282689
27415.9   0.233791
27435.4   0.1566
27454.9   0.127319
27474.4   0.140702
27494   0.207333
27513.5   0.284256
27533.1   0.208403
27552.7   0.138745
27572.3   0.130173
27591.9   0.182399
27611.5   0.282108
27631.2   0.21408
27650.8   0.137349
27670.5   0.135875
27690.2   0.21413
27709.9   0.280963
27729.6   0.167978
27749.3   0.129985
27769   0.179852
27788.8   0.292048
27808.6   0.186271
27828.3   0.132004
27848.1   0.181658
27867.9   0.296597
27887.8   0.17539
27907.6   0.13581
27927.5   0.220147
27947.3   0.27401
27967.2   0.14847
27987.1   0.158923
28007   0.300373
28026.9   0.191273
28046.9   0.142611
28066.8   0.255436
28086.8   0.241123
28106.7   0.143875
28126.7   0.225865
28146.7   0.274036
28166.8   0.149037
28186.8   0.221688
28206.9   0.282642
28226.9   0.152348
28247   0.241553
28267.1   0.265558
28287.2   0.155768
28307.3   0.290661
28327.4   0.225068
28347.6   0.170175
28367.8   0.350742
28387.9   0.183323
28408.1   0.220746
28428.3   0.311423
28448.6   0.17035
28468.8   0.340958
28489   0.209546
28509.3   0.223771
28529.6   0.328392
28549.9   0.18299
28570.2   0.384963
28590.5   0.200801
28610.8   0.295917
28631.2   0.266271
28651.6   0.229029
28671.9   0.363068
28692.3   0.205641
28712.7   0.427072
28733.2   0.208434
28753.6   0.419533
28774.1   0.226545
28794.5   0.383461
28815   0.252372
28835.5   0.355303
28856   0.278903
28876.5   0.343262
28897.1   0.300019
28917.6   0.346775
28938.2   0.311752
28958.8   0.365644
28979.4   0.313058
29000   0.402019
