2000 
    Freq test
7000   0.00400432
7004.98   0.00703253
7009.96   0.00523163
7014.95   0.00475567
7019.94   0.00798438
7024.93   0.00391455
7029.93   0.00918526
7034.93   0.00426236
7039.93   0.00626967
7044.94   0.00614747
7049.95   0.00433207
7054.97   0.00929369
7059.98   0.003999
7065.01   0.00787538
7070.03   0.00518874
7075.06   0.0049446
7080.09   0.0084628
7085.13   0.00402355
7090.17   0.00895127
7095.21   0.00481289
7100.26   0.00546777
7105.31   0.00795162
7110.36   0.0041215
7115.42   0.00942828
7120.48   0.00477108
7125.55   0.00568102
7130.61   0.00803898
7135.69   0.00419272
7140.76   0.00946197
7145.84   0.00499719
7150.92   0.00551231
7156.01   0.00876578
7161.1   0.00424894
7166.19   0.00892165
7171.29   0.00559861
7176.39   0.00507161
7181.5   0.00999051
7186.61   0.00442616
7191.72   0.00763322
7196.83   0.00690416
7201.95   0.00462355
7207.07   0.0105661
7212.2   0.0050263
7217.33   0.00603293
7222.46   0.00932322
7227.6   0.00451555
7232.74   0.00873685
7237.89   0.00669374
7243.04   0.00490098
7248.19   0.0110408
7253.34   0.00525599
7258.5   0.00611279
7263.67   0.0101899
7268.83   0.00475936
7274   0.00816437
7279.18   0.00800696
7284.35   0.00485862
7289.54   0.0105205
7294.72   0.00643965
7299.91   0.00540571
7305.1   0.0117991
7310.3   0.00559529
7315.5   0.00633456
7320.7   0.0113909
7325.91   0.00522538
7331.12   0.00756391
7336.33   0.0102086
7341.55   0.00514651
7346.77   0.00893932
7352   0.00910453
7357.23   0.00524292
7362.46   0.0102505
7367.7   0.00833559
7372.94   0.0054339
7378.19   0.0113254
7383.43   0.00789148
7388.69   0.0056567
7393.94   0.0121046
7399.2   0.0077138
7404.46   0.00586239
7409.73   0.0126169
7415   0.00776255
7420.27   0.0060187
7425.55   0.0128971
7430.83   0.00803091
7436.12   0.00611483
7441.41   0.0129247
7446.7   0.00855006
7452   0.006165
7457.3   0.0126205
7462.6   0.00939376
7467.91   0.00620983
7473.22   0.0119113
7478.54   0.0106751
7483.86   0.00631705
7489.18   0.010833
7494.51   0.0124919
7499.84   0.00658692
7505.18   0.00957562
7510.51   0.0146811
7515.86   0.00717148
7521.2   0.00840689
7526.55   0.0162729
7531.91   0.00832114
7537.26   0.00755857
7542.62   0.0156705
7547.99   0.0104514
7553.36   0.00720288
7558.73   0.0129755
7564.11   0.0139875
7569.49   0.00753867
7574.87   0.010157
7580.26   0.0177211
7585.65   0.00897115
7591.05   0.00840687
7596.45   0.0170423
7601.85   0.0123426
7607.26   0.00795852
7612.67   0.0126698
7618.08   0.0178926
7623.5   0.00910329
7628.93   0.00952115
7634.35   0.0191195
7639.78   0.0129383
7645.22   0.00863684
7650.65   0.0135586
7656.1   0.0198977
7661.54   0.0102611
7666.99   0.00988285
7672.45   0.0192778
7677.9   0.0161111
7683.36   0.00957188
7688.83   0.0125211
7694.3   0.0229785
7699.77   0.0133652
7705.25   0.00999739
7710.73   0.0162044
7716.21   0.0229011
7721.7   0.0121485
7727.19   0.0110641
7732.69   0.02015
7738.19   0.0215952
7743.7   0.0118874
7749.2   0.0124199
7754.72   0.0235129
7760.23   0.0209208
7765.75   0.012186
7771.27   0.0137316
7776.8   0.0259839
7782.33   0.0213705
7787.87   0.0128478
7793.41   0.0147271
7798.95   0.027596
7804.5   0.0231232
7810.05   0.0138485
7815.61   0.0152848
7821.17   0.028155
7826.73   0.0264608
7832.3   0.0153723
7837.87   0.0155067
7843.44   0.0271952
7849.02   0.0315827
7854.6   0.0179222
7860.19   0.0157484
7865.78   0.0246991
7871.38   0.0372142
7876.98   0.0225601
7882.58   0.016641
7888.19   0.0216819
7893.8   0.038492
7899.41   0.0310782
7905.03   0.0192739
7910.65   0.0196272
7916.28   0.0326052
7921.91   0.0429521
7927.55   0.0258942
7933.19   0.0199154
7938.83   0.025595
7944.48   0.0446189
7950.13   0.0403517
7955.78   0.0247185
7961.44   0.0226082
7967.1   0.0331652
7972.77   0.0533069
7978.44   0.0394665
7984.12   0.0260154
7989.8   0.0261865
7995.48   0.0403407
8001.17   0.0601259
8006.86   0.0423213
8012.55   0.0289947
8018.25   0.0297653
8023.96   0.0453778
8029.66   0.067757
8035.37   0.0498691
8041.09   0.0338457
8046.81   0.0330694
8052.53   0.0473305
8058.26   0.0748907
8063.99   0.0643682
8069.73   0.0422721
8075.47   0.0370234
8081.21   0.0467721
8086.96   0.0752574
8092.71   0.0869613
8098.47   0.059055
8104.23   0.0445899
8109.99   0.0467056
8115.76   0.066867
8121.54   0.101754
8127.31   0.092849
8133.09   0.0633055
8138.88   0.0527503
8144.67   0.0596048
8150.46   0.0874818
8156.26   0.125457
8162.06   0.109655
8167.87   0.0771911
8173.68   0.0655209
8179.49   0.0730068
8185.31   0.103255
8191.13   0.149793
8196.96   0.145856
8202.79   0.1062
8208.62   0.0859648
8214.46   0.0876914
8220.3   0.1124
8226.15   0.163881
8232   0.200337
8237.86   0.167252
8243.72   0.12778
8249.58   0.113357
8255.45   0.123091
8261.32   0.160225
8267.2   0.224354
8273.08   0.26267
8278.96   0.22714
8284.85   0.181517
8290.74   0.161925
8296.64   0.169739
8302.54   0.206839
8308.45   0.274843
8314.36   0.342671
8320.27   0.344207
8326.19   0.295601
8332.11   0.256421
8338.04   0.245579
8343.97   0.264361
8349.91   0.31346
8355.84   0.38692
8361.79   0.453192
8367.74   0.468392
8373.69   0.437994
8379.64   0.403061
8385.6   0.387821
8391.57   0.397794
8397.54   0.430672
8403.51   0.477608
8409.49   0.521162
8415.47   0.542928
8421.46   0.540117
8427.45   0.52702
8433.44   0.519758
8439.44   0.526636
8445.44   0.547197
8451.45   0.572311
8457.46   0.58554
8463.48   0.572437
8469.5   0.533953
8475.52   0.485677
8481.55   0.443914
8487.58   0.417744
8493.62   0.410406
8499.66   0.42247
8505.71   0.452508
8511.76   0.494133
8517.81   0.530512
8523.87   0.535823
8529.93   0.496134
8536   0.427112
8542.07   0.3561
8548.15   0.29901
8554.23   0.259223
8560.31   0.2349
8566.4   0.223526
8572.5   0.223386
8578.59   0.233664
8584.7   0.253827
8590.8   0.2821
8596.91   0.312738
8603.03   0.333813
8609.15   0.331678
8615.27   0.303342
8621.4   0.260323
8627.53   0.216882
8633.67   0.180685
8639.81   0.153332
8645.95   0.133772
8652.1   0.120412
8658.26   0.111888
8664.42   0.107221
8670.58   0.105774
8676.75   0.107164
8682.92   0.111171
8689.1   0.117639
8695.28   0.126341
8701.46   0.136795
8707.65   0.148044
8713.84   0.158506
8720.04   0.166092
8726.25   0.168817
8732.45   0.16569
8738.66   0.157238
8744.88   0.145183
8751.1   0.131573
8757.32   0.118051
8763.55   0.105611
8769.79   0.0946876
8776.02   0.085356
8782.27   0.0775045
8788.51   0.0709471
8794.77   0.0654838
8801.02   0.0609281
8807.28   0.0571181
8813.55   0.0539171
8819.81   0.0512122
8826.09   0.0489105
8832.37   0.046936
8838.65   0.0452264
8844.94   0.0437304
8851.23   0.042406
8857.52   0.0412189
8863.82   0.0401409
8870.13   0.0391495
8876.44   0.0382265
8882.75   0.0373583
8889.07   0.0365344
8895.39   0.035748
8901.72   0.0349948
8908.05   0.0342735
8914.39   0.0335851
8920.73   0.0329325
8927.07   0.0323209
8933.42   0.0317571
8939.78   0.03125
8946.14   0.0308096
8952.5   0.0304483
8958.87   0.0301797
8965.24   0.0300199
8971.62   0.0299873
8978   0.0301032
8984.39   0.0303925
8990.78   0.0308843
8997.17   0.0316124
9003.57   0.0326162
9009.98   0.0339394
9016.38   0.0356281
9022.8   0.0377233
9029.21   0.0402467
9035.64   0.0431721
9042.06   0.0463787
9048.5   0.049588
9054.93   0.0523129
9061.37   0.0538898
9067.82   0.0536786
9074.27   0.0513964
9080.72   0.0473425
9087.18   0.0422721
9093.65   0.0370204
9100.11   0.0321988
9106.59   0.02812
9113.07   0.0248722
9119.55   0.0224261
9126.03   0.0207136
9132.53   0.0196737
9139.02   0.019277
9145.52   0.0195404
9152.03   0.0205386
9158.54   0.0224136
9165.05   0.0253651
9171.57   0.0295643
9178.09   0.0348439
9184.62   0.0400301
9191.16   0.0425664
9197.69   0.0403715
9204.24   0.0345973
9210.78   0.0282155
9217.33   0.0230506
9223.89   0.0194915
9230.45   0.017359
9237.02   0.0164318
9243.59   0.0166209
9250.16   0.0180224
9256.74   0.0209318
9263.33   0.0257225
9269.92   0.0320865
9276.51   0.0371134
9283.11   0.036022
9289.71   0.029557
9296.32   0.0228348
9302.93   0.0182133
9309.55   0.0156778
9316.17   0.0148234
9322.8   0.01551
9329.43   0.0179859
9336.06   0.0228123
9342.71   0.0298069
9349.35   0.0345767
9356   0.0310134
9362.66   0.0233932
9369.31   0.0176781
9375.98   0.0146892
9382.65   0.0138482
9389.32   0.0149579
9396   0.0184643
9402.68   0.0250203
9409.37   0.0319395
9416.07   0.0303472
9422.76   0.0223739
9429.47   0.016401
9436.17   0.0136328
9442.88   0.0133394
9449.6   0.0154865
9456.32   0.0209109
9463.05   0.0289657
9469.78   0.0302662
9476.52   0.0222527
9483.26   0.0157771
9490   0.013012
9496.75   0.0130896
9503.51   0.0161456
9510.27   0.0232206
9517.03   0.0302513
9523.8   0.0252661
9530.58   0.017066
9537.35   0.0130762
9544.14   0.0125497
9550.93   0.0152981
9557.72   0.0225052
9564.52   0.0296539
9571.32   0.0235176
9578.13   0.0155759
9584.94   0.0123812
9591.76   0.0128576
9598.58   0.0174174
9605.41   0.0265518
9612.24   0.0271827
9619.08   0.0177765
9625.92   0.0127828
9632.77   0.0122484
9639.62   0.0159378
9646.48   0.0250352
9653.34   0.0274658
9660.21   0.0177442
9667.08   0.0125802
9673.95   0.0123041
9680.83   0.0168513
9687.72   0.0267605
9694.61   0.0250103
9701.51   0.0154322
9708.41   0.0119463
9715.31   0.0134262
9722.22   0.0210351
9729.14   0.0285348
9736.06   0.0190199
9742.99   0.0126695
9749.92   0.0123363
9756.85   0.0179205
9763.79   0.0282627
9770.74   0.0214227
9777.69   0.0133124
9784.64   0.0121197
9791.6   0.0171379
9798.57   0.0280808
9805.54   0.0216462
9812.51   0.0132626
9819.49   0.0123117
9826.47   0.0182702
9833.46   0.0288881
9840.46   0.0196186
9847.46   0.0126195
9854.46   0.0131683
9861.47   0.0218865
9868.49   0.0280281
9875.51   0.0161642
9882.53   0.0121766
9889.56   0.0158475
9896.59   0.0280524
9903.63   0.0220644
9910.68   0.0131953
9917.73   0.0133657
9924.78   0.0229408
9931.84   0.0276173
9938.91   0.0152578
9945.98   0.0126563
9953.05   0.0192858
9960.13   0.0301911
9967.21   0.0175276
9974.3   0.0126983
9981.4   0.0175775
9988.5   0.030702
9995.6   0.0191764
10002.7   0.0129568
10009.8   0.0172289
10016.9   0.0310893
10024.1   0.0196556
10031.2   0.0131921
10038.3   0.0180207
10045.5   0.0319336
10052.6   0.0188536
10059.8   0.0134515
10066.9   0.02023
10074.1   0.032108
10081.3   0.017143
10088.4   0.0141034
10095.6   0.0246339
10102.8   0.0292568
10110   0.0153369
10117.2   0.0159558
10124.4   0.0314316
10131.6   0.0232801
10138.8   0.0144455
10146   0.0206837
10153.2   0.0343988
10160.4   0.0177451
10167.6   0.0157181
10174.9   0.0306196
10182.1   0.0261048
10189.4   0.0152766
10196.6   0.0217995
10203.9   0.0357999
10211.1   0.0179476
10218.4   0.0174033
10225.6   0.0356137
10232.9   0.0235756
10240.2   0.0161774
10247.5   0.0288477
10254.8   0.0314119
10262.1   0.016836
10269.4   0.0235346
10276.7   0.0383931
10284   0.0187512
10291.3   0.020663
10298.6   0.0413548
10305.9   0.0214801
10313.3   0.0194097
10320.6   0.0409791
10327.9   0.0245283
10335.3   0.0191079
10342.6   0.039798
10350   0.0273434
10357.4   0.0193521
10364.7   0.0393787
10372.1   0.0294379
10379.5   0.0199187
10386.9   0.0403182
10394.3   0.030492
10401.6   0.0207349
10409   0.0428369
10416.4   0.0303924
10423.9   0.0218889
10431.3   0.0469102
10438.7   0.0292718
10446.1   0.0236735
10453.5   0.0517517
10461   0.0275517
10468.4   0.0266816
10475.9   0.0547467
10483.3   0.0258955
10490.8   0.0320018
10498.2   0.0521242
10505.7   0.0250986
10513.2   0.041378
10520.7   0.0439989
10528.1   0.0261292
10535.6   0.055485
10543.1   0.0353755
10550.6   0.0305937
10558.1   0.064667
10565.6   0.0301199
10573.2   0.0418032
10580.7   0.0544742
10588.2   0.0297526
10595.7   0.0629087
10603.3   0.0396873
10610.8   0.0366837
10618.4   0.0717595
10625.9   0.0332035
10633.5   0.0575319
10641   0.0510424
10648.6   0.037118
10656.2   0.0817363
10663.8   0.0379054
10671.3   0.0586618
10678.9   0.0596527
10686.5   0.0405994
10694.1   0.0904158
10701.7   0.0419632
10709.3   0.0677005
10717   0.0626173
10724.6   0.0472409
10732.2   0.0983023
10739.9   0.0454253
10747.5   0.0879287
10755.1   0.060052
10762.8   0.0608734
10770.4   0.0947877
10778.1   0.051573
10785.8   0.117391
10793.4   0.0568383
10801.1   0.0925061
10808.8   0.0778823
10816.5   0.0697438
10824.2   0.116142
10831.9   0.0624438
10839.6   0.141482
10847.3   0.0674189
10855   0.123316
10862.7   0.084972
10870.5   0.0977517
10878.2   0.117583
10885.9   0.08426
10893.7   0.159237
10901.4   0.0818801
10909.2   0.183011
10916.9   0.0886125
10924.7   0.174148
10932.5   0.104301
10940.2   0.153192
10948   0.129767
10955.8   0.136987
10963.6   0.164991
10971.4   0.128932
10979.2   0.206596
10987   0.128033
10994.8   0.247028
11002.7   0.132966
11010.5   0.278682
11018.3   0.142773
11026.2   0.299571
11034   0.156755
11041.8   0.313364
11049.7   0.174288
11057.6   0.325294
11065.4   0.194714
11073.3   0.339423
11081.2   0.217324
11089.1   0.35826
11096.9   0.241427
11104.8   0.383237
11112.7   0.266465
11120.6   0.415079
11128.5   0.29216
11136.5   0.45378
11144.4   0.318657
11152.3   0.498177
11160.2   0.346655
11168.2   0.545216
11176.1   0.37749
11184.1   0.589465
11192   0.413108
11200   0.62397
11208   0.45577
11215.9   0.643342
11223.9   0.507103
11231.9   0.647674
11239.9   0.565867
11247.9   0.643766
11255.9   0.624214
11263.9   0.64218
11271.9   0.665778
11279.9   0.652581
11287.9   0.674104
11296   0.678876
11304   0.650456
11312   0.711756
11320.1   0.61739
11328.1   0.7208
11336.2   0.601797
11344.3   0.672287
11352.3   0.621075
11360.4   0.578738
11368.5   0.672797
11376.6   0.491939
11384.7   0.704254
11392.8   0.448383
11400.9   0.626475
11409   0.462686
11417.1   0.476696
11425.2   0.536435
11433.3   0.365539
11441.5   0.597803
11449.6   0.324977
11457.8   0.494078
11465.9   0.356387
11474.1   0.335393
11482.2   0.45445
11490.4   0.255418
11498.6   0.468804
11506.7   0.254146
11514.9   0.311695
11523.1   0.332628
11531.3   0.211358
11539.5   0.4046
11547.7   0.197206
11555.9   0.272257
11564.2   0.264319
11572.4   0.173489
11580.6   0.341892
11588.9   0.16331
11597.1   0.216982
11605.3   0.236072
11613.6   0.139327
11621.9   0.282239
11630.1   0.147052
11638.4   0.157639
11646.7   0.236927
11655   0.114896
11663.3   0.203467
11671.5   0.153942
11679.8   0.111327
11688.2   0.228424
11696.5   0.1095
11704.8   0.124428
11713.1   0.190427
11721.4   0.09025
11729.8   0.146686
11738.1   0.139717
11746.5   0.0831196
11754.8   0.165805
11763.2   0.10601
11771.6   0.081694
11779.9   0.169728
11788.3   0.0863156
11796.7   0.0823186
11805.1   0.159786
11813.5   0.0745917
11821.9   0.0825003
11830.3   0.14575
11838.7   0.0671941
11847.1   0.0806575
11855.6   0.134159
11864   0.0622877
11872.4   0.0761913
11880.9   0.126783
11889.3   0.059147
11897.8   0.0694135
11906.2   0.122645
11914.7   0.0578027
11923.2   0.0613381
11931.7   0.11843
11940.2   0.0589283
11948.7   0.0533873
11957.2   0.108518
11965.7   0.0639161
11974.2   0.0470316
11982.7   0.089585
11991.2   0.0747886
11999.7   0.0436075
12008.3   0.0671301
12016.8   0.0909552
12025.4   0.0446853
12033.9   0.0496025
12042.5   0.0957922
12051   0.0532212
12059.6   0.0401331
12068.2   0.0720453
12076.8   0.0734411
12085.4   0.0390338
12094   0.047125
12102.6   0.0876797
12111.2   0.049251
12119.8   0.036234
12128.4   0.0601974
12137   0.0754735
12145.7   0.0385654
12154.3   0.0378101
12163   0.0714975
12171.6   0.0598034
12180.3   0.0341432
12188.9   0.0402506
12197.6   0.075328
12206.3   0.0509023
12215   0.0321153
12223.6   0.041144
12232.3   0.0741128
12241   0.0475007
12249.7   0.0309335
12258.5   0.0393737
12267.2   0.0708388
12275.9   0.0485229
12284.6   0.0303824
12293.4   0.0353799
12302.1   0.0641171
12310.9   0.0543611
12319.6   0.0313286
12328.4   0.0308558
12337.2   0.0517582
12345.9   0.0641616
12354.7   0.0359716
12363.5   0.0280416
12372.3   0.0378132
12381.1   0.0645645
12389.9   0.0485681
12398.7   0.0295869
12407.5   0.0287859
12416.4   0.0448891
12425.2   0.064647
12434   0.0408103
12442.9   0.027603
12451.7   0.0294152
12460.6   0.0470108
12469.4   0.0628161
12478.3   0.0396325
12487.2   0.0272557
12496.1   0.0282764
12505   0.0429549
12513.9   0.0626017
12522.8   0.0444482
12531.7   0.0287832
12540.6   0.0262636
12549.5   0.0346557
12558.4   0.0556366
12567.4   0.0563871
12576.3   0.0354619
12585.2   0.0263981
12594.2   0.0273009
12603.2   0.038394
12612.1   0.0585184
12621.1   0.0538413
12630.1   0.0347475
12639.1   0.0264368
12648   0.0267297
12657   0.0354561
12666   0.0538351
12675.1   0.0595608
12684.1   0.0415678
12693.1   0.0293193
12702.1   0.0257596
12711.2   0.0288047
12720.2   0.0396758
12729.2   0.0572828
12738.3   0.0591344
12747.4   0.0423584
12756.4   0.0306077
12765.5   0.0263156
12774.6   0.027534
12783.7   0.0345456
12792.8   0.0486895
12801.9   0.062526
12811   0.0567012
12820.1   0.0413183
12829.2   0.0313401
12838.3   0.0272506
12847.5   0.0275426
12856.6   0.0320858
12865.7   0.0418993
12874.9   0.0563995
12884   0.0655095
12893.2   0.058121
12902.4   0.0445512
12911.6   0.0348245
12920.7   0.0297698
12929.9   0.0282481
12939.1   0.0296743
12948.3   0.0341966
12957.5   0.0424308
12966.8   0.054349
12976   0.0661712
12985.2   0.0694708
12994.4   0.061832
13003.7   0.0506168
13012.9   0.041473
13022.2   0.0354996
13031.5   0.0321868
13040.7   0.0309513
13050   0.0314617
13059.3   0.0336339
13068.6   0.0375697
13077.9   0.0434609
13087.2   0.0513851
13096.5   0.0608867
13105.8   0.0704204
13115.1   0.0773315
13124.5   0.0792846
13133.8   0.0761639
13143.1   0.0699505
13152.5   0.0629157
13161.8   0.0564679
13171.2   0.0511516
13180.6   0.0470277
13189.9   0.0439662
13199.3   0.0417926
13208.7   0.0403444
13218.1   0.0394858
13227.5   0.0391078
13236.9   0.0391227
13246.3   0.0394587
13255.8   0.040055
13265.2   0.0408584
13274.6   0.0418204
13284.1   0.0428961
13293.5   0.0440434
13303   0.0452228
13312.4   0.0463977
13321.9   0.0475356
13331.4   0.0486087
13340.9   0.0495947
13350.3   0.0504784
13359.8   0.0512518
13369.3   0.0519153
13378.9   0.0524784
13388.4   0.0529596
13397.9   0.0533869
13407.4   0.0537982
13417   0.0542411
13426.5   0.0547739
13436.1   0.0554663
13445.6   0.0564012
13455.2   0.0576779
13464.7   0.0594168
13474.3   0.0617668
13483.9   0.0649153
13493.5   0.069101
13503.1   0.074629
13512.7   0.0818833
13522.3   0.0913194
13531.9   0.103401
13541.6   0.118392
13551.2   0.135876
13560.8   0.153935
13570.5   0.168516
13580.1   0.174506
13589.8   0.169264
13599.4   0.15519
13609.1   0.137702
13618.8   0.121424
13628.5   0.108738
13638.2   0.100414
13647.9   0.0966147
13657.6   0.0975607
13667.3   0.103939
13677   0.11719
13686.8   0.139603
13696.5   0.173386
13706.2   0.216052
13716   0.251057
13725.7   0.253064
13735.5   0.222777
13745.3   0.185859
13755.1   0.1589
13764.8   0.145467
13774.6   0.145533
13784.4   0.160477
13794.2   0.194646
13804   0.252976
13813.9   0.32406
13823.7   0.35474
13833.5   0.314626
13843.4   0.255834
13853.2   0.218238
13863.1   0.208264
13872.9   0.227022
13882.8   0.281151
13892.7   0.374962
13902.5   0.462504
13912.4   0.447006
13922.3   0.365666
13932.2   0.308314
13942.1   0.297316
13952.1   0.336394
13962   0.433431
13971.9   0.559697
13981.9   0.586809
13991.8   0.497673
14001.8   0.423602
14011.7   0.414949
14021.7   0.478942
14031.6   0.60719
14041.6   0.703786
14051.6   0.657126
14061.6   0.569757
14071.6   0.546033
14081.6   0.603694
14091.6   0.712367
14101.7   0.767863
14111.7   0.721793
14121.7   0.674125
14131.8   0.688955
14141.8   0.746125
14151.9   0.771121
14162   0.74299
14172   0.731642
14182.1   0.769484
14192.2   0.793305
14202.3   0.736346
14212.4   0.67668
14222.5   0.703147
14232.6   0.797384
14242.7   0.783848
14252.9   0.642057
14263   0.577133
14273.2   0.655852
14283.3   0.784904
14293.5   0.669155
14303.6   0.504051
14313.8   0.497041
14324   0.650292
14334.2   0.690379
14344.4   0.475636
14354.6   0.394574
14364.8   0.493614
14375   0.646289
14385.2   0.456293
14395.5   0.32969
14405.7   0.383881
14416   0.564152
14426.2   0.421587
14436.5   0.280151
14446.7   0.316164
14457   0.492276
14467.3   0.365144
14477.6   0.236603
14487.9   0.278521
14498.2   0.442273
14508.5   0.292881
14518.8   0.200113
14529.1   0.268259
14539.5   0.390598
14549.8   0.219375
14560.2   0.177696
14570.5   0.289305
14580.9   0.298547
14591.3   0.163557
14601.6   0.180767
14612   0.317566
14622.4   0.191448
14632.8   0.138505
14643.2   0.227844
14653.6   0.241016
14664.1   0.128997
14674.5   0.157799
14684.9   0.264132
14695.4   0.135414
14705.8   0.122495
14716.3   0.235107
14726.8   0.148609
14737.2   0.105173
14747.7   0.191889
14758.2   0.160627
14768.7   0.0958755
14779.2   0.159706
14789.7   0.165623
14800.3   0.0896573
14810.8   0.1404
14821.3   0.161959
14831.9   0.084195
14842.4   0.131099
14853   0.150604
14863.5   0.0788624
14874.1   0.130148
14884.7   0.132787
14895.3   0.0742875
14905.9   0.137189
14916.5   0.110607
14927.1   0.0720545
14937.7   0.149872
14948.3   0.0883923
14959   0.0747647
14969.6   0.154107
14980.2   0.0710958
14990.9   0.0868959
15001.6   0.127982
15012.2   0.061972
15022.9   0.114317
15033.6   0.0877999
15044.3   0.0638768
15055   0.137883
15065.7   0.0625078
15076.4   0.084166
15087.1   0.101466
15097.9   0.0564851
15108.6   0.124898
15119.4   0.0626312
15130.1   0.0738951
15140.9   0.100255
15151.6   0.0533344
15162.4   0.119816
15173.2   0.0575358
15184   0.0763833
15194.8   0.0846076
15205.6   0.0533428
15216.4   0.117287
15227.2   0.0503556
15238.1   0.0944044
15248.9   0.0619438
15259.8   0.0630347
15270.6   0.088558
15281.5   0.0495269
15292.3   0.111631
15303.2   0.0475054
15314.1   0.0973839
15325   0.0536506
15335.9   0.0714275
15346.8   0.0675797
15357.7   0.0552299
15368.6   0.0874308
15379.6   0.047536
15390.5   0.103846
15401.5   0.0450091
15412.4   0.105207
15423.4   0.0457392
15434.4   0.0942122
15445.3   0.04866
15456.3   0.0810422
15467.3   0.0529894
15478.3   0.0706295
15489.3   0.0579563
15500.3   0.0635252
15511.4   0.0627543
15522.4   0.0590545
15533.4   0.0666439
15544.5   0.0565292
15555.5   0.0690799
15566.6   0.055502
15577.7   0.0697616
15588.8   0.0557791
15599.9   0.068613
15611   0.0574057
15622.1   0.0657701
15633.2   0.060672
15644.3   0.0616071
15655.4   0.0661318
15666.6   0.056744
15677.7   0.074548
15688.8   0.0519686
15700   0.0864136
15711.2   0.0481025
15722.3   0.10005
15733.5   0.0459386
15744.7   0.108049
15755.9   0.0463648
15767.1   0.10056
15778.3   0.0507546
15789.6   0.0810368
15800.8   0.0616616
15812   0.0626093
15823.3   0.0828071
15834.5   0.0515878
15845.8   0.109488
15857.1   0.0486919
15868.4   0.107668
15879.6   0.055289
15890.9   0.0774851
15902.2   0.0770589
15913.6   0.05674
15924.9   0.114068
15936.2   0.0517935
15947.5   0.108522
15958.9   0.06375
15970.2   0.0706587
15981.6   0.102237
15993   0.0550926
16004.3   0.124317
16015.7   0.0632203
16027.1   0.0788905
16038.5   0.105601
16049.9   0.0584356
16061.3   0.128691
16072.8   0.070984
16084.2   0.0762218
16095.6   0.128326
16107.1   0.0623188
16118.5   0.114969
16130   0.0946701
16141.5   0.068714
16153   0.15066
16164.4   0.0772763
16175.9   0.0857715
16187.4   0.150599
16199   0.0726375
16210.5   0.110071
16222   0.135146
16233.6   0.0746364
16245.1   0.135547
16256.7   0.125112
16268.2   0.0797469
16279.8   0.156316
16291.4   0.123756
16303   0.0857157
16314.6   0.170116
16326.2   0.130803
16337.8   0.0913539
16349.4   0.176098
16361   0.147514
16372.7   0.0969393
16384.3   0.172341
16396   0.177444
16407.6   0.104746
16419.3   0.158847
16431   0.22235
16442.7   0.119952
16454.4   0.141898
16466.1   0.261107
16477.8   0.153238
16489.5   0.13186
16501.2   0.243592
16513   0.223713
16524.7   0.140202
16536.5   0.190372
16548.2   0.313302
16560   0.187514
16571.8   0.162638
16583.6   0.277822
16595.4   0.309541
16607.2   0.187682
16619   0.203378
16630.8   0.358039
16642.6   0.313635
16654.5   0.208935
16666.3   0.247491
16678.2   0.418521
16690   0.352611
16701.9   0.244852
16713.8   0.283273
16725.7   0.461649
16737.6   0.436155
16749.5   0.301304
16761.4   0.311216
16773.3   0.471097
16785.2   0.561349
16797.2   0.40402
16809.1   0.352056
16821.1   0.447211
16833   0.636582
16845   0.59041
16857   0.455055
16869   0.448604
16881   0.577167
16893   0.736808
16905   0.678578
16917   0.563716
16929.1   0.555063
16941.1   0.655743
16953.2   0.789543
16965.2   0.798792
16977.3   0.71719
16989.4   0.676782
17001.4   0.7068
17013.5   0.775736
17025.6   0.82603
17037.8   0.830941
17049.9   0.81628
17062   0.803714
17074.1   0.788677
17086.3   0.766889
17098.4   0.753544
17110.6   0.769437
17122.8   0.817609
17134.9   0.864129
17147.1   0.847884
17159.3   0.760075
17171.5   0.663721
17183.8   0.609348
17196   0.612038
17208.2   0.670763
17220.4   0.761702
17232.7   0.808804
17245   0.740682
17257.2   0.609786
17269.5   0.501475
17281.8   0.442022
17294.1   0.428605
17306.4   0.45684
17318.7   0.522787
17331   0.606424
17343.3   0.6496
17355.7   0.600174
17368   0.494279
17380.4   0.396322
17392.7   0.32961
17405.1   0.292042
17417.5   0.277408
17429.9   0.281654
17442.3   0.303024
17454.7   0.340196
17467.1   0.388381
17479.5   0.433798
17491.9   0.454007
17504.4   0.434611
17516.8   0.385254
17529.3   0.327712
17541.8   0.276764
17554.2   0.237035
17566.7   0.207906
17579.2   0.187295
17591.7   0.173172
17604.2   0.163937
17616.8   0.158406
17629.3   0.155706
17641.8   0.155169
17654.4   0.156262
17666.9   0.158525
17679.5   0.161543
17692.1   0.16493
17704.7   0.168324
17717.3   0.171399
17729.9   0.173873
17742.5   0.175518
17755.1   0.176168
17767.7   0.17572
17780.4   0.174124
17793   0.171378
17805.7   0.167517
17818.3   0.162614
17831   0.156769
17843.7   0.150119
17856.4   0.142835
17869.1   0.135119
17881.8   0.127204
17894.5   0.119336
17907.2   0.111766
17920   0.10473
17932.7   0.0984459
17945.5   0.0931073
17958.2   0.088891
17971   0.0859736
17983.8   0.0845559
17996.6   0.0848987
18009.4   0.0873675
18022.2   0.0924855
18035   0.10097
18047.8   0.113666
18060.7   0.131081
18073.5   0.151904
18086.4   0.170225
18099.3   0.175236
18112.1   0.160814
18125   0.134624
18137.9   0.108832
18150.8   0.0894743
18163.7   0.0773095
18176.6   0.0715478
18189.6   0.0717702
18202.5   0.0786437
18215.5   0.0941814
18228.4   0.120417
18241.4   0.150677
18254.3   0.157237
18267.3   0.129008
18280.3   0.0962406
18293.3   0.0757001
18306.3   0.0671285
18319.4   0.0688182
18332.4   0.0822027
18345.4   0.111407
18358.5   0.147701
18371.5   0.143387
18384.6   0.103653
18397.7   0.0756471
18410.8   0.0652698
18423.9   0.0695369
18437   0.0915285
18450.1   0.133767
18463.2   0.147295
18476.3   0.10434
18489.5   0.073284
18502.6   0.0647929
18515.8   0.0757673
18529   0.112748
18542.1   0.151933
18555.3   0.114792
18568.5   0.0758414
18581.7   0.0655557
18595   0.0799273
18608.2   0.126774
18621.4   0.14911
18634.7   0.0957577
18647.9   0.0687667
18661.2   0.072848
18674.5   0.112616
18687.7   0.157585
18701   0.104367
18714.3   0.0712514
18727.7   0.0758551
18741   0.123388
18754.3   0.157694
18767.6   0.0947521
18781   0.0715315
18794.4   0.091674
18807.7   0.159916
18821.1   0.128921
18834.5   0.0788962
18847.9   0.0823631
18861.3   0.144107
18874.7   0.154498
18888.1   0.0876389
18901.6   0.0828616
18915   0.14337
18928.5   0.164526
18941.9   0.0915371
18955.4   0.0890752
18968.9   0.162356
18982.4   0.157472
18995.9   0.0906006
19009.4   0.104893
19022.9   0.198247
19036.4   0.132256
19050   0.0925127
19063.5   0.146216
19077.1   0.200729
19090.7   0.10698
19104.2   0.114712
19117.8   0.22339
19131.4   0.141001
19145   0.107613
19158.7   0.19849
19172.3   0.186211
19185.9   0.112946
19199.6   0.178094
19213.2   0.2282
19226.9   0.12387
19240.6   0.172921
19254.3   0.258676
19267.9   0.135796
19281.7   0.181263
19295.4   0.278443
19309.1   0.146144
19322.8   0.203935
19336.6   0.28595
19350.3   0.155514
19364.1   0.246957
19377.9   0.274673
19391.6   0.16894
19405.4   0.318521
19419.2   0.246694
19433.1   0.197961
19446.9   0.396589
19460.7   0.220903
19474.6   0.266709
19488.4   0.386268
19502.3   0.221683
19516.1   0.4068
19530   0.304045
19543.9   0.282316
19557.8   0.486701
19571.7   0.27078
19585.7   0.461705
19599.6   0.367919
19613.5   0.349925
19627.5   0.548823
19641.4   0.330985
19655.4   0.596187
19669.4   0.39735
19683.4   0.500201
19697.4   0.539542
19711.4   0.443115
19725.4   0.692114
19739.4   0.450705
19753.5   0.742712
19767.5   0.509625
19781.6   0.709572
19795.7   0.603852
19809.7   0.673933
19823.8   0.70812
19837.9   0.665784
19852   0.793206
19866.2   0.683443
19880.3   0.844261
19894.4   0.717483
19908.6   0.865333
19922.8   0.757995
19936.9   0.866688
19951.1   0.797069
19965.3   0.854931
19979.5   0.830161
19993.7   0.831957
20007.9   0.856229
20022.2   0.797773
20036.4   0.876377
20050.7   0.753486
20064.9   0.891163
20079.2   0.703139
20093.5   0.896739
20107.8   0.653916
20122.1   0.881032
20136.4   0.615028
20150.7   0.825998
20165   0.596404
20179.4   0.724655
20193.7   0.607838
20208.1   0.599503
20222.5   0.655058
20236.9   0.488909
20251.2   0.717376
20265.7   0.418899
20280.1   0.705249
20294.5   0.401017
20308.9   0.559204
20323.4   0.446962
20337.8   0.399409
20352.3   0.555219
20366.8   0.314973
20381.3   0.574835
20395.8   0.312831
20410.3   0.397667
20424.8   0.404965
20439.3   0.270957
20453.8   0.506367
20468.4   0.252475
20483   0.347662
20497.5   0.347194
20512.1   0.224028
20526.7   0.435517
20541.3   0.227631
20555.9   0.256513
20570.5   0.361612
20585.2   0.185428
20599.8   0.31471
20614.5   0.256262
20629.1   0.176325
20643.8   0.347904
20658.5   0.196561
20673.2   0.178664
20687.9   0.335549
20702.6   0.166004
20717.3   0.180054
20732.1   0.307978
20746.8   0.149603
20761.6   0.17359
20776.3   0.288444
20791.1   0.141114
20805.9   0.158077
20820.7   0.27862
20835.5   0.140044
20850.3   0.137334
20865.2   0.263404
20880   0.150604
20894.8   0.118325
20909.7   0.219484
20924.6   0.181717
20939.5   0.108837
20954.4   0.1567
20969.3   0.230143
20984.2   0.118556
20999.1   0.112115
21014   0.208723
21029   0.166679
21043.9   0.100091
21058.9   0.127268
21073.9   0.221348
21088.9   0.133732
21103.9   0.0948093
21118.9   0.135056
21133.9   0.213441
21149   0.124699
21164   0.0916133
21179   0.126668
21194.1   0.207557
21209.2   0.134031
21224.3   0.0902064
21239.4   0.106485
21254.5   0.183821
21269.6   0.168373
21284.7   0.0995354
21299.9   0.089057
21315   0.128563
21330.2   0.199022
21345.4   0.143063
21360.5   0.0927819
21375.7   0.089685
21390.9   0.129165
21406.1   0.196218
21421.4   0.154031
21436.6   0.0992474
21451.9   0.0865157
21467.1   0.106934
21482.4   0.166039
21497.7   0.195664
21513   0.135266
21528.3   0.0957406
21543.6   0.0882286
21558.9   0.106833
21574.2   0.15676
21589.6   0.204236
21604.9   0.167941
21620.3   0.117152
21635.7   0.0941634
21651.1   0.0928957
21666.5   0.111213
21681.9   0.153038
21697.3   0.20496
21712.7   0.206041
21728.2   0.159143
21743.6   0.120932
21759.1   0.10236
21774.6   0.098774
21790.1   0.107856
21805.6   0.130687
21821.1   0.168816
21836.6   0.214181
21852.1   0.237836
21867.7   0.220331
21883.2   0.183734
21898.8   0.152029
21914.4   0.131298
21930   0.120134
21945.6   0.11639
21961.2   0.118693
21976.8   0.12642
21992.4   0.139419
22008.1   0.157689
22023.7   0.180976
22039.4   0.208312
22055.1   0.237636
22070.8   0.265882
22086.4   0.289799
22102.2   0.307185
22117.9   0.317671
22133.6   0.322522
22149.4   0.323785
22165.1   0.323494
22180.9   0.323252
22196.7   0.324176
22212.4   0.326986
22228.2   0.332141
22244.1   0.339936
22259.9   0.350559
22275.7   0.364096
22291.6   0.38048
22307.4   0.39938
22323.3   0.420025
22339.2   0.440985
22355   0.460011
22370.9   0.474121
22386.9   0.480173
22402.8   0.475948
22418.7   0.461304
22434.7   0.43857
22450.6   0.41182
22466.6   0.385529
22482.6   0.363533
22498.6   0.348726
22514.6   0.34338
22530.6   0.349748
22546.6   0.370714
22562.6   0.410257
22578.7   0.473034
22594.8   0.560962
22610.8   0.663045
22626.9   0.742785
22643   0.755672
22659.1   0.703056
22675.2   0.631633
22691.4   0.581029
22707.5   0.568087
22723.7   0.598971
22739.8   0.675429
22756   0.78397
22772.2   0.873876
22788.4   0.883586
22804.6   0.826919
22820.8   0.772682
22837   0.763811
22853.3   0.805273
22869.5   0.867879
22885.8   0.895147
22902.1   0.866556
22918.4   0.832195
22934.7   0.841898
22951   0.892099
22967.3   0.911966
22983.6   0.844157
23000   0.759169
23016.4   0.747457
23032.7   0.831325
23049.1   0.916459
23065.5   0.823117
23081.9   0.664384
23098.3   0.616899
23114.8   0.715707
23131.2   0.857759
23147.7   0.731881
23164.1   0.541891
23180.6   0.513154
23197.1   0.658743
23213.6   0.768366
23230.1   0.545723
23246.6   0.417869
23263.2   0.483176
23279.7   0.682861
23296.3   0.540826
23312.8   0.362415
23329.4   0.386941
23346   0.589035
23362.6   0.48839
23379.2   0.310135
23395.9   0.340484
23412.5   0.541304
23429.2   0.391488
23445.8   0.260997
23462.5   0.340564
23479.2   0.493327
23495.9   0.280024
23512.6   0.238364
23529.3   0.403816
23546.1   0.344988
23562.8   0.208167
23579.6   0.285483
23596.3   0.394221
23613.1   0.205368
23629.9   0.221368
23646.7   0.388085
23663.6   0.207943
23680.4   0.189437
23697.2   0.358294
23714.1   0.203366
23731   0.173085
23747.8   0.336292
23764.7   0.187365
23781.6   0.166842
23798.5   0.323445
23815.5   0.163479
23832.4   0.173056
23849.4   0.296294
23866.3   0.140671
23883.3   0.201383
23900.3   0.231073
23917.3   0.12991
23934.3   0.259063
23951.3   0.159302
23968.4   0.145575
23985.4   0.262996
24002.5   0.122091
24019.5   0.214936
24036.6   0.162718
24053.7   0.133346
24070.8   0.248873
24088   0.114866
24105.1   0.225843
24122.2   0.136207
24139.4   0.149824
24156.6   0.193155
24173.8   0.115737
24190.9   0.246478
24208.2   0.109668
24225.4   0.224768
24242.6   0.120835
24259.8   0.173598
24277.1   0.144967
24294.4   0.138832
24311.7   0.177049
24328.9   0.120485
24346.3   0.208001
24363.6   0.111885
24380.9   0.229223
24398.2   0.108545
24415.6   0.239529
24433   0.10783
24450.3   0.243519
24467.7   0.108285
24485.1   0.245344
24502.6   0.109387
24520   0.245445
24537.4   0.111507
24554.9   0.240182
24572.3   0.115996
24589.8   0.224143
24607.3   0.125461
24624.8   0.196295
24642.3   0.144471
24659.9   0.164069
24677.4   0.18034
24695   0.137849
24712.5   0.237147
24730.1   0.124521
24747.7   0.277396
24765.3   0.129371
24782.9   0.233669
24800.5   0.163843
24818.2   0.167242
24835.8   0.247522
24853.5   0.138185
24871.2   0.300807
24888.9   0.155205
24906.6   0.209157
24924.3   0.245204
24942   0.154082
24959.8   0.328258
24977.5   0.177513
24995.3   0.210642
25013.1   0.313078
25030.8   0.168918
25048.6   0.305406
25066.5   0.256241
25084.3   0.190105
25102.1   0.385264
25120   0.234324
25137.9   0.224289
25155.7   0.426635
25173.6   0.238407
25191.5   0.257465
25209.5   0.459441
25227.4   0.260563
25245.3   0.27985
25263.3   0.500179
25281.3   0.303651
25299.2   0.291167
25317.2   0.527015
25335.2   0.384625
25353.3   0.304215
25371.3   0.496609
25389.3   0.529081
25407.4   0.347896
25425.5   0.42847
25443.6   0.66641
25461.7   0.477825
25479.8   0.405667
25497.9   0.588872
25516   0.719642
25534.2   0.51201
25552.3   0.494135
25570.5   0.700975
25588.7   0.792143
25606.9   0.607112
25625.1   0.579991
25643.4   0.745511
25661.6   0.882402
25679.8   0.758761
25698.1   0.679091
25716.4   0.749427
25734.7   0.888027
25753   0.908779
25771.3   0.83311
25789.6   0.803085
25808   0.835852
25826.3   0.881273
25844.7   0.903593
25863.1   0.911737
25881.5   0.907621
25899.9   0.872303
25918.3   0.81807
25936.8   0.790686
25955.2   0.820636
25973.7   0.895423
25992.1   0.936788
26010.6   0.865463
26029.1   0.737348
26047.6   0.6468
26066.2   0.625499
26084.7   0.673652
26103.3   0.772591
26121.8   0.848993
26140.4   0.803105
26159   0.665994
26177.6   0.54079
26196.2   0.466105
26214.9   0.439194
26233.5   0.452724
26252.2   0.502001
26270.9   0.577339
26289.5   0.648043
26308.2   0.663531
26327   0.604969
26345.7   0.510868
26364.4   0.423509
26383.2   0.358244
26401.9   0.314316
26420.7   0.286979
26439.5   0.271906
26458.3   0.265929
26477.1   0.266795
26496   0.272791
26514.8   0.282443
26533.7   0.294346
26552.6   0.30709
26571.4   0.319316
26590.3   0.329837
26609.3   0.337766
26628.2   0.34259
26647.1   0.344144
26666.1   0.342508
26685   0.337874
26704   0.330426
26723   0.320289
26742   0.307542
26761   0.292295
26780.1   0.274796
26799.1   0.255532
26818.2   0.235258
26837.3   0.214938
26856.4   0.195615
26875.5   0.178256
26894.6   0.16366
26913.7   0.152455
26932.9   0.145179
26952   0.142441
26971.2   0.145135
26990.4   0.154712
27009.6   0.173411
27028.8   0.203873
27048   0.245872
27067.2   0.28606
27086.5   0.292207
27105.8   0.251752
27125   0.197144
27144.3   0.15603
27163.6   0.133569
27183   0.12803
27202.3   0.139995
27221.6   0.175019
27241   0.236884
27260.4   0.282938
27279.8   0.239957
27299.2   0.171261
27318.6   0.133625
27338   0.126791
27357.5   0.150777
27376.9   0.216485
27396.4   0.283543
27415.9   0.227453
27435.4   0.153822
27454.9   0.128511
27474.4   0.146534
27494   0.220498
27513.5   0.291317
27533.1   0.206837
27552.7   0.141997
27572.3   0.13939
27591.9   0.202966
27611.5   0.303458
27631.2   0.218922
27650.8   0.146858
27670.5   0.154478
27690.2   0.252254
27709.9   0.303564
27729.6   0.182059
27749.3   0.152072
27769   0.224631
27788.8   0.339463
27808.6   0.20922
27828.3   0.162747
27848.1   0.24251
27867.9   0.358663
27887.8   0.209653
27907.6   0.182551
27927.5   0.315226
27947.3   0.334141
27967.2   0.197578
27987.1   0.241277
28007   0.422128
28026.9   0.254069
28046.9   0.223507
28066.8   0.415328
28086.8   0.32764
28106.7   0.234662
28126.7   0.406948
28146.7   0.390148
28166.8   0.258209
28186.8   0.435044
28206.9   0.424953
28226.9   0.288744
28247   0.507781
28267.1   0.427131
28287.2   0.334465
28307.3   0.615539
28327.4   0.407638
28347.6   0.424679
28367.8   0.666509
28387.9   0.404437
28408.1   0.609499
28428.3   0.578281
28448.6   0.480732
28468.8   0.785895
28489   0.510268
28509.3   0.719731
28529.6   0.66585
28549.9   0.623491
28570.2   0.846169
28590.5   0.623633
28610.8   0.89993
28631.2   0.695232
28651.6   0.865366
28671.9   0.793018
28692.3   0.839744
28712.7   0.868744
28733.2   0.845858
28753.6   0.899915
28774.1   0.871926
28794.5   0.895014
28815   0.901934
28835.5   0.869221
28856   0.925506
28876.5   0.830637
28897.1   0.939713
28917.6   0.782241
28938.2   0.945674
28958.8   0.727331
28979.4   0.941918
29000   0.672836
