2000 
    Freq test
1   0.000204557
1.00515   0.00020553
1.01033   0.000206513
1.01554   0.000207506
1.02077   0.000208508
1.02603   0.00020952
1.03132   0.000210542
1.03664   0.000211573
1.04198   0.000212615
1.04735   0.000213665
1.05274   0.000214726
1.05817   0.000215796
1.06362   0.000216875
1.0691   0.000217963
1.07461   0.000219061
1.08015   0.000220168
1.08572   0.000221284
1.09131   0.000222409
1.09694   0.000223542
1.10259   0.000224684
1.10827   0.000225834
1.11398   0.000226993
1.11972   0.00022816
1.12549   0.000229334
1.13129   0.000230516
1.13712   0.000231705
1.14298   0.000232901
1.14887   0.000234104
1.15479   0.000235314
1.16075   0.000236529
1.16673   0.000237751
1.17274   0.000238977
1.17878   0.000240209
1.18486   0.000241445
1.19096   0.000242686
1.1971   0.00024393
1.20327   0.000245177
1.20947   0.000246427
1.2157   0.00024768
1.22197   0.000248934
1.22827   0.000250189
1.2346   0.000251444
1.24096   0.000252699
1.24735   0.000253953
1.25378   0.000255206
1.26024   0.000256456
1.26674   0.000257703
1.27327   0.000258946
1.27983   0.000260185
1.28642   0.000261418
1.29305   0.000262644
1.29971   0.000263864
1.30641   0.000265074
1.31315   0.000266276
1.31991   0.000267467
1.32671   0.000268647
1.33355   0.000269814
1.34042   0.000270968
1.34733   0.000272107
1.35427   0.000273231
1.36125   0.000274337
1.36827   0.000275425
1.37532   0.000276494
1.38241   0.000277542
1.38953   0.000278567
1.39669   0.00027957
1.40389   0.000280547
1.41112   0.000281499
1.4184   0.000282423
1.42571   0.000283319
1.43305   0.000284184
1.44044   0.000285018
1.44786   0.000285818
1.45532   0.000286584
1.46282   0.000287315
1.47036   0.000288008
1.47794   0.000288662
1.48555   0.000289276
1.49321   0.000289849
1.5009   0.000290379
1.50864   0.000290865
1.51641   0.000291306
1.52423   0.0002917
1.53208   0.000292045
1.53998   0.000292342
1.54791   0.000292588
1.55589   0.000292782
1.56391   0.000292924
1.57197   0.000293013
1.58007   0.000293047
1.58821   0.000293025
1.5964   0.000292947
1.60462   0.000292812
1.61289   0.000292619
1.6212   0.000292367
1.62956   0.000292057
1.63796   0.000291687
1.6464   0.000291258
1.65488   0.000290768
1.66341   0.000290219
1.67198   0.000289609
1.6806   0.000288939
1.68926   0.000288209
1.69796   0.000287418
1.70671   0.000286569
1.71551   0.000285659
1.72435   0.000284692
1.73324   0.000283666
1.74217   0.000282582
1.75115   0.000281442
1.76017   0.000280246
1.76924   0.000278995
1.77836   0.000277691
1.78752   0.000276334
1.79673   0.000274926
1.80599   0.000273467
1.8153   0.00027196
1.82466   0.000270406
1.83406   0.000268806
1.84351   0.000267161
1.85301   0.000265475
1.86256   0.000263747
1.87216   0.000261981
1.88181   0.000260177
1.8915   0.000258338
1.90125   0.000256466
1.91105   0.000254561
1.9209   0.000252627
1.9308   0.000250665
1.94075   0.000248678
1.95075   0.000246666
1.9608   0.000244632
1.9709   0.000242579
1.98106   0.000240507
1.99127   0.000238419
2.00153   0.000236317
2.01185   0.000234202
2.02221   0.000232077
2.03264   0.000229943
2.04311   0.000227803
2.05364   0.000225657
2.06422   0.000223508
2.07486   0.000221357
2.08555   0.000219207
2.0963   0.000217058
2.1071   0.000214912
2.11796   0.000212771
2.12888   0.000210637
2.13985   0.00020851
2.15087   0.000206392
2.16196   0.000204284
2.1731   0.000202188
2.1843   0.000200105
2.19555   0.000198037
2.20687   0.000195983
2.21824   0.000193946
2.22967   0.000191926
2.24116   0.000189924
2.25271   0.000187941
2.26432   0.000185979
2.27599   0.000184037
2.28772   0.000182117
2.29951   0.00018022
2.31136   0.000178346
2.32327   0.000176495
2.33524   0.000174669
2.34728   0.000172867
2.35937   0.000171092
2.37153   0.000169342
2.38375   0.000167618
2.39604   0.000165921
2.40838   0.000164252
2.4208   0.00016261
2.43327   0.000160996
2.44581   0.00015941
2.45841   0.000157852
2.47108   0.000156323
2.48382   0.000154823
2.49662   0.000153352
2.50948   0.000151911
2.52242   0.000150498
2.53541   0.000149116
2.54848   0.000147763
2.56161   0.000146439
2.57481   0.000145146
2.58808   0.000143882
2.60142   0.000142649
2.61483   0.000141446
2.6283   0.000140272
2.64185   0.000139129
2.65546   0.000138016
2.66915   0.000136933
2.6829   0.000135881
2.69673   0.000134859
2.71062   0.000133867
2.72459   0.000132905
2.73863   0.000131974
2.75275   0.000131074
2.76693   0.000130203
2.78119   0.000129364
2.79552   0.000128554
2.80993   0.000127776
2.82441   0.000127028
2.83896   0.00012631
2.85359   0.000125624
2.8683   0.000124968
2.88308   0.000124343
2.89794   0.000123749
2.91287   0.000123187
2.92788   0.000122656
2.94297   0.000122156
2.95814   0.000121688
2.97338   0.000121252
2.98871   0.000120848
3.00411   0.000120477
3.01959   0.000120137
3.03515   0.000119831
3.05079   0.000119558
3.06651   0.000119318
3.08231   0.000119112
3.0982   0.000118941
3.11417   0.000118804
3.13021   0.000118702
3.14634   0.000118635
3.16256   0.000118604
3.17886   0.00011861
3.19524   0.000118653
3.2117   0.000118734
3.22826   0.000118853
3.24489   0.000119012
3.26161   0.00011921
3.27842   0.000119448
3.29532   0.000119728
3.3123   0.00012005
3.32937   0.000120415
3.34652   0.000120825
3.36377   0.000121279
3.38111   0.00012178
3.39853   0.000122329
3.41604   0.000122926
3.43365   0.000123572
3.45134   0.00012427
3.46913   0.000125021
3.487   0.000125826
3.50497   0.000126686
3.52304   0.000127603
3.54119   0.00012858
3.55944   0.000129617
3.57778   0.000130716
3.59622   0.000131881
3.61475   0.000133111
3.63338   0.00013441
3.65211   0.000135779
3.67093   0.000137222
3.68984   0.00013874
3.70886   0.000140335
3.72797   0.00014201
3.74718   0.000143767
3.76649   0.00014561
3.7859   0.00014754
3.80541   0.000149561
3.82502   0.000151674
3.84474   0.000153882
3.86455   0.000156189
3.88446   0.000158597
3.90448   0.000161107
3.9246   0.000163724
3.94483   0.000166447
3.96516   0.000169281
3.98559   0.000172227
4.00613   0.000175285
4.02678   0.000178458
4.04753   0.000181746
4.06839   0.000185149
4.08935   0.000188666
4.11042   0.000192297
4.13161   0.000196039
4.1529   0.00019989
4.1743   0.000203844
4.19581   0.000207897
4.21743   0.000212043
4.23917   0.000216271
4.26101   0.000220573
4.28297   0.000224936
4.30504   0.000229347
4.32723   0.000233788
4.34953   0.000238242
4.37194   0.000242687
4.39447   0.0002471
4.41712   0.000251456
4.43988   0.000255725
4.46276   0.000259879
4.48576   0.000263885
4.50888   0.000267708
4.53211   0.000271313
4.55547   0.000274665
4.57894   0.000277727
4.60254   0.000280465
4.62626   0.000282842
4.6501   0.000284829
4.67406   0.000286394
4.69815   0.000287514
4.72236   0.000288166
4.7467   0.000288336
4.77116   0.000288013
4.79575   0.000287194
4.82046   0.00028588
4.8453   0.00028408
4.87027   0.00028181
4.89537   0.00027909
4.9206   0.000275945
4.94595   0.000272407
4.97144   0.000268509
4.99706   0.000264289
5.02281   0.000259785
5.0487   0.000255038
5.07471   0.000250089
5.10087   0.000244977
5.12715   0.000239741
5.15357   0.000234419
5.18013   0.000229046
5.20683   0.000223654
5.23366   0.000218274
5.26063   0.000212932
5.28774   0.000207653
5.31499   0.000202457
5.34238   0.000197364
5.36991   0.000192388
5.39758   0.000187544
5.4254   0.000182842
5.45336   0.000178291
5.48146   0.000173897
5.50971   0.000169667
5.5381   0.000165604
5.56664   0.000161709
5.59533   0.000157986
5.62416   0.000154433
5.65315   0.000151051
5.68228   0.000147838
5.71156   0.000144793
5.74099   0.000141914
5.77058   0.000139198
5.80032   0.000136644
5.83021   0.000134249
5.86025   0.00013201
5.89045   0.000129924
5.92081   0.00012799
5.95132   0.000126204
5.98199   0.000124565
6.01282   0.00012307
6.0438   0.000121718
6.07495   0.000120507
6.10626   0.000119436
6.13772   0.000118503
6.16935   0.00011771
6.20114   0.000117054
6.2331   0.000116537
6.26522   0.000116158
6.29751   0.00011592
6.32996   0.000115822
6.36258   0.000115867
6.39537   0.000116058
6.42833   0.000116397
6.46146   0.000116888
6.49475   0.000117534
6.52822   0.000118341
6.56187   0.000119313
6.59568   0.000120456
6.62967   0.000121776
6.66384   0.000123281
6.69818   0.000124979
6.73269   0.000126877
6.76739   0.000128986
6.80227   0.000131315
6.83732   0.000133875
6.87255   0.000136676
6.90797   0.00013973
6.94357   0.00014305
6.97935   0.000146647
7.01532   0.000150533
7.05147   0.00015472
7.08781   0.000159218
7.12434   0.000164036
7.16105   0.000169182
7.19795   0.000174659
7.23505   0.000180466
7.27233   0.000186598
7.30981   0.000193041
7.34748   0.000199774
7.38534   0.000206764
7.4234   0.000213965
7.46166   0.000221317
7.50011   0.000228744
7.53876   0.00023615
7.57761   0.000243424
7.61666   0.000250433
7.65591   0.000257034
7.69536   0.000263067
7.73502   0.000268372
7.77488   0.000272788
7.81495   0.000276166
7.85522   0.000278381
7.8957   0.000279339
7.93639   0.000278983
7.97729   0.000277304
8.0184   0.000274336
8.05972   0.00027016
8.10125   0.000264891
8.143   0.000258677
8.18497   0.000251683
8.22715   0.000244083
8.26954   0.000236051
8.31216   0.000227752
8.35499   0.000219334
8.39805   0.00021093
8.44133   0.00020265
8.48483   0.000194586
8.52855   0.000186807
8.5725   0.000179368
8.61668   0.000172306
8.66109   0.000165647
8.70572   0.000159405
8.75058   0.000153585
8.79568   0.000148189
8.841   0.000143209
8.88657   0.000138639
8.93236   0.000134466
8.97839   0.000130679
9.02466   0.000127266
9.07117   0.000124213
9.11791   0.00012151
9.1649   0.000119145
9.21213   0.000117109
9.25961   0.000115394
9.30732   0.000113993
9.35529   0.000112901
9.4035   0.000112116
9.45196   0.000111636
9.50067   0.000111464
9.54963   0.000111601
9.59884   0.000112055
9.6483   0.000112833
9.69802   0.000113946
9.748   0.000115407
9.79824   0.000117232
9.84873   0.000119441
9.89948   0.000122055
9.9505   0.000125098
10.0018   0.000128598
10.0533   0.000132584
10.1051   0.000137087
10.1572   0.000142138
10.2095   0.000147768
10.2622   0.000154004
10.315   0.000160868
10.3682   0.00016837
10.4216   0.000176503
10.4753   0.000185239
10.5293   0.000194515
10.5836   0.000204225
10.6381   0.000214213
10.6929   0.000224258
10.748   0.000234074
10.8034   0.000243311
10.8591   0.000251567
10.9151   0.000258417
10.9713   0.000263453
11.0279   0.000266329
11.0847   0.000266817
11.1418   0.000264837
11.1992   0.000260475
11.2569   0.000253972
11.315   0.000245688
11.3733   0.000236054
11.4319   0.00022552
11.4908   0.00021451
11.55   0.000203395
11.6095   0.000192476
11.6693   0.000181981
11.7295   0.000172068
11.7899   0.000162841
11.8507   0.000154356
11.9118   0.000146635
11.9731   0.000139677
12.0348   0.000133462
12.0969   0.000127965
12.1592   0.000123152
12.2219   0.00011899
12.2848   0.000115447
12.3482   0.000112494
12.4118   0.000110106
12.4758   0.000108263
12.54   0.000106951
12.6047   0.000106162
12.6696   0.000105892
12.7349   0.000106147
12.8005   0.000106938
12.8665   0.000108282
12.9328   0.000110207
12.9995   0.000112745
13.0664   0.000115938
13.1338   0.000119835
13.2015   0.000124491
13.2695   0.000129968
13.3379   0.000136328
13.4066   0.00014363
13.4757   0.000151921
13.5451   0.000161221
13.615   0.000171507
13.6851   0.000182686
13.7556   0.00019456
13.8265   0.000206799
13.8978   0.000218907
13.9694   0.000230219
14.0414   0.000239937
14.1137   0.000247211
14.1865   0.000251288
14.2596   0.000251667
14.3331   0.000248226
14.4069   0.00024126
14.4812   0.000231413
14.5558   0.000219532
14.6308   0.000206499
14.7062   0.000193106
14.782   0.000179975
14.8582   0.000167548
14.9347   0.000156098
15.0117   0.000145769
15.0891   0.000136609
15.1668   0.000128608
15.245   0.000121719
15.3235   0.000115879
15.4025   0.000111021
15.4819   0.000107081
15.5617   0.000104004
15.6419   0.000101746
15.7225   0.000100274
15.8035   9.9572E-5
15.8849   9.96367E-5
15.9668   0.000100481
16.0491   0.000102133
16.1318   0.000104639
16.2149   0.000108062
16.2985   0.000112479
16.3825   0.000117986
16.4669   0.000124685
16.5518   0.000132681
16.6371   0.000142059
16.7228   0.000152858
16.809   0.000165018
16.8956   0.000178315
16.9827   0.000192279
17.0702   0.000206111
17.1581   0.000218669
17.2466   0.000228555
17.3354   0.000234386
17.4248   0.000235172
17.5146   0.000230665
17.6048   0.000221462
17.6956   0.000208803
17.7867   0.000194178
17.8784   0.000178958
17.9705   0.000164189
18.0631   0.000150542
18.1562   0.000138372
18.2498   0.000127805
18.3438   0.000118834
18.4384   0.000111375
18.5334   0.000105317
18.6289   0.000100547
18.7249   9.69647E-5
18.8214   9.4492E-5
18.9184   9.30759E-5
19.0159   9.26913E-5
19.1139   9.3342E-5
19.2124   9.50622E-5
19.3114   9.79173E-5
19.4109   0.000102005
19.5109   0.000107452
19.6115   0.00011441
19.7125   0.000123037
19.8141   0.000133467
19.9162   0.00014574
20.0189   0.000159698
20.122   0.00017483
20.2257   0.000190093
20.33   0.000203823
20.4347   0.000213901
20.54   0.00021831
20.6459   0.000215945
20.7523   0.000207157
20.8592   0.000193606
20.9667   0.000177528
21.0748   0.000160956
21.1834   0.00014532
21.2925   0.000131407
21.4023   0.000119526
21.5126   0.000109696
21.6234   0.000101793
21.7349   9.5645E-5
21.8469   9.10848E-5
21.9594   8.79738E-5
22.0726   8.62158E-5
22.1864   8.57618E-5
22.3007   8.66124E-5
22.4156   8.88203E-5
22.5311   9.24911E-5
22.6472   9.77826E-5
22.764   0.000104897
22.8813   0.000114058
22.9992   0.000125446
23.1177   0.000139082
23.2368   0.000154602
23.3566   0.000170949
23.4769   0.000186104
23.5979   0.000197191
23.7195   0.00020136
23.8418   0.000197221
23.9646   0.000185739
24.0881   0.000169664
24.2123   0.000152071
24.337   0.000135257
24.4625   0.000120474
24.5885   0.000108171
24.7152   9.83404E-5
24.8426   9.07824E-5
24.9706   8.52506E-5
25.0993   8.1529E-5
25.2286   7.94629E-5
25.3587   7.89708E-5
25.4893   8.00496E-5
25.6207   8.27772E-5
25.7527   8.73136E-5
25.8854   9.38963E-5
26.0188   0.000102814
26.1529   0.000114331
26.2877   0.000128507
26.4232   0.000144841
26.5593   0.000161756
26.6962   0.000176213
26.8338   0.000184241
26.9721   0.000182901
27.111   0.0001724
27.2508   0.000155989
27.3912   0.000137739
27.5324   0.000120621
27.6742   0.000106073
27.8168   9.4467E-5
27.9602   8.5651E-5
28.1043   7.93094E-5
28.2491   7.51371E-5
28.3947   7.29115E-5
28.541   7.25172E-5
28.6881   7.39539E-5
28.8359   7.73401E-5
28.9845   8.2913E-5
29.1339   9.10098E-5
29.284   0.000101993
29.435   0.000116038
29.5866   0.000132652
29.7391   0.000149895
29.8924   0.000163793
30.0464   0.000169373
30.2013   0.000163942
30.3569   0.000149542
30.5133   0.000131172
30.6706   0.000113236
30.8286   9.8017E-5
30.9875   8.61325E-5
31.1472   7.74057E-5
31.3077   7.14328E-5
31.469   6.78441E-5
31.6312   6.63979E-5
31.7942   6.70078E-5
31.9581   6.97511E-5
32.1227   7.487E-5
32.2883   8.27548E-5
32.4547   9.38506E-5
32.6219   0.000108357
32.79   0.000125499
32.959   0.000142362
33.1289   0.000153428
33.2996   0.000153303
33.4712   0.000141673
33.6437   0.000123742
33.8171   0.000105378
33.9913   8.98299E-5
34.1665   7.79788E-5
34.3426   6.95998E-5
34.5196   6.41947E-5
34.6974   6.13422E-5
34.8762   6.08077E-5
35.056   6.25707E-5
35.2366   6.68305E-5
35.4182   7.39966E-5
35.6007   8.45997E-5
35.7842   9.89438E-5
35.9686   0.000116159
36.154   0.000132593
36.3403   0.000141437
36.5276   0.000137311
36.7158   0.000122305
36.905   0.0001036
37.0952   8.67538E-5
37.2864   7.37933E-5
37.4785   6.47365E-5
37.6716   5.90163E-5
37.8658   5.611E-5
38.0609   5.57304E-5
38.257   5.78669E-5
38.4542   6.27934E-5
38.6524   7.10392E-5
38.8516   8.31942E-5
39.0518   9.91766E-5
39.253   0.00011646
39.4553   0.000128314
39.6586   0.000127196
39.863   0.000113427
40.0684   9.49203E-5
40.2749   7.83346E-5
40.4825   6.59643E-5
40.6911   5.77098E-5
40.9008   5.28924E-5
41.1115   5.09714E-5
41.3234   5.17284E-5
41.5364   5.53002E-5
41.7504   6.21706E-5
41.9656   7.30349E-5
42.1818   8.81382E-5
42.3992   0.000105319
42.6177   0.000117465
42.8373   0.000115942
43.0581   0.000101468
43.28   8.32236E-5
43.503   6.78868E-5
43.7272   5.71411E-5
43.9525   5.05103E-5
44.179   4.72388E-5
44.4067   4.68815E-5
44.6356   4.942E-5
44.8656   5.52719E-5
45.0968   6.519E-5
45.3292   7.96269E-5
45.5628   9.65356E-5
45.7976   0.000108114
46.0336   0.000105014
46.2708   8.94561E-5
46.5093   7.18758E-5
46.7489   5.82487E-5
46.9898   4.93897E-5
47.232   4.4507E-5
47.4754   4.28807E-5
47.7201   4.4264E-5
47.966   4.89386E-5
48.2132   5.76569E-5
48.4616   7.11108E-5
48.7114   8.76807E-5
48.9624   9.93439E-5
49.2147   9.57713E-5
49.4683   7.99043E-5
49.7233   6.31267E-5
49.9795   5.09196E-5
50.2371   4.35253E-5
50.4959   3.99978E-5
50.7562   3.97141E-5
51.0177   4.2657E-5
51.2806   4.9425E-5
51.5449   6.09435E-5
51.8105   7.6737E-5
52.0775   9.02485E-5
52.3459   8.94792E-5
52.6157   7.47068E-5
52.8868   5.8208E-5
53.1593   4.63995E-5
53.4333   3.95428E-5
53.7087   3.66075E-5
53.9854   3.70021E-5
54.2636   4.0857E-5
54.5433   4.89883E-5
54.8244   6.22072E-5
55.1069   7.79184E-5
55.3909   8.49351E-5
55.6763   7.49822E-5
55.9632   5.83132E-5
56.2516   4.52475E-5
56.5415   3.7496E-5
56.8329   3.4016E-5
57.1258   3.40365E-5
57.4202   3.7605E-5
57.7161   4.55702E-5
58.0135   5.8766E-5
58.3125   7.38008E-5
58.613   7.7843E-5
58.915   6.54014E-5
59.2186   4.95896E-5
59.5238   3.86736E-5
59.8305   3.29036E-5
60.1389   3.11147E-5
60.4488   3.28577E-5
60.7603   3.86505E-5
61.0734   4.96268E-5
61.3881   6.46311E-5
61.7045   7.28212E-5
62.0225   6.34514E-5
62.3421   4.77467E-5
62.6634   3.64978E-5
62.9863   3.06208E-5
63.3109   2.88709E-5
63.6371   3.07619E-5
63.9651   3.69003E-5
64.2947   4.84471E-5
64.626   6.29333E-5
64.9591   6.66985E-5
65.2938   5.39587E-5
65.6303   3.96877E-5
65.9685   3.10027E-5
66.3085   2.72514E-5
66.6502   2.73593E-5
66.9937   3.14074E-5
67.3389   4.05539E-5
67.6859   5.45772E-5
68.0347   6.29319E-5
68.3853   5.343E-5
68.7378   3.88735E-5
69.092   2.95861E-5
69.448   2.55189E-5
69.8059   2.54524E-5
70.1657   2.94066E-5
70.5273   3.85974E-5
70.8907   5.23983E-5
71.256   5.83311E-5
71.6232   4.68526E-5
71.9923   3.35321E-5
72.3633   2.60346E-5
72.7362   2.34115E-5
73.1111   2.47267E-5
73.4878   3.05391E-5
73.8665   4.20791E-5
74.2472   5.40079E-5
74.6298   4.96232E-5
75.0144   3.55762E-5
75.401   2.61547E-5
75.7896   2.22355E-5
76.1801   2.24739E-5
76.5727   2.7018E-5
76.9673   3.72411E-5
77.3639   4.97313E-5
77.7626   4.74436E-5
78.1634   3.38139E-5
78.5662   2.45029E-5
78.971   2.07789E-5
79.378   2.12662E-5
79.7871   2.62357E-5
80.1982   3.70454E-5
80.6115   4.78658E-5
81.0269   4.15049E-5
81.4445   2.85848E-5
81.8642   2.13611E-5
82.2861   1.9253E-5
82.7101   2.13149E-5
83.1364   2.85338E-5
83.5648   4.08777E-5
83.9954   4.39779E-5
84.4283   3.16814E-5
84.8634   2.20945E-5
85.3007   1.83651E-5
85.7403   1.90025E-5
86.1821   2.43867E-5
86.6263   3.56499E-5
87.0727   4.24704E-5
87.5214   3.18858E-5
87.9724   2.163E-5
88.4258   1.74499E-5
88.8814   1.77869E-5
89.3395   2.28747E-5
89.7999   3.38783E-5
90.2626   3.98672E-5
90.7278   2.89563E-5
91.1954   1.96229E-5
91.6653   1.62612E-5
92.1377   1.73598E-5
92.6125   2.35944E-5
93.0898   3.50266E-5
93.5695   3.55109E-5
94.0517   2.36539E-5
94.5364   1.68066E-5
95.0235   1.53191E-5
95.5132   1.83382E-5
96.0054   2.7295E-5
96.5002   3.60375E-5
96.9975   2.73755E-5
97.4973   1.78991E-5
97.9998   1.45654E-5
98.5048   1.5825E-5
99.0124   2.25015E-5
99.5227   3.31581E-5
100.036   2.89592E-5
100.551   1.84128E-5
101.069   1.40626E-5
101.59   1.45447E-5
102.114   2.02272E-5
102.64   3.08204E-5
103.169   2.81901E-5
103.7   1.77036E-5
104.235   1.33614E-5
104.772   1.39166E-5
105.312   1.97982E-5
105.855   2.99805E-5
106.4   2.54109E-5
106.948   1.58155E-5
107.5   1.24945E-5
108.054   1.3962E-5
108.61   2.12242E-5
109.17   2.93972E-5
109.733   2.08265E-5
110.298   1.34196E-5
110.867   1.19079E-5
111.438   1.52674E-5
112.012   2.46825E-5
112.589   2.565E-5
113.17   1.56145E-5
113.753   1.15051E-5
114.339   1.24392E-5
114.928   1.91332E-5
115.521   2.67507E-5
116.116   1.80547E-5
116.714   1.17324E-5
117.316   1.1109E-5
117.92   1.57259E-5
118.528   2.50064E-5
119.139   1.96601E-5
119.753   1.19587E-5
120.37   1.0407E-5
120.99   1.394E-5
121.614   2.311E-5
122.24   1.98951E-5
122.87   1.17781E-5
123.504   9.93607E-6
124.14   1.32076E-5
124.78   2.21682E-5
125.423   1.8781E-5
126.069   1.1064E-5
126.719   9.59018E-6
127.372   1.33651E-5
128.028   2.20692E-5
128.688   1.64677E-5
129.351   9.9918E-6
130.018   9.49867E-6
130.688   1.46178E-5
131.361   2.16013E-5
132.038   1.33623E-5
132.719   8.95909E-6
133.403   1.00388E-5
134.09   1.73084E-5
134.781   1.8557E-5
135.476   1.03699E-5
136.174   8.47492E-6
136.875   1.19789E-5
137.581   1.99314E-5
138.29   1.3266E-5
139.002   8.39687E-6
139.719   9.24305E-6
140.439   1.63121E-5
141.163   1.65527E-5
141.89   9.12413E-6
142.621   8.03897E-6
143.356   1.26885E-5
144.095   1.82737E-5
144.838   1.02228E-5
145.584   7.55619E-6
146.334   1.04435E-5
147.088   1.79253E-5
147.846   1.12546E-5
148.608   7.36702E-6
149.374   9.18686E-6
150.144   1.67831E-5
150.917   1.18342E-5
151.695   7.22845E-6
152.477   8.52457E-6
153.263   1.58809E-5
154.053   1.17606E-5
154.846   7.01642E-6
155.644   8.26528E-6
156.446   1.55231E-5
157.253   1.10192E-5
158.063   6.71631E-6
158.878   8.38649E-6
159.696   1.55423E-5
160.519   9.7391E-6
161.347   6.415E-6
162.178   9.02098E-6
163.014   1.52327E-5
163.854   8.20835E-6
164.698   6.28658E-6
165.547   1.04524E-5
166.4   1.346E-5
167.258   6.82301E-6
168.12   6.60769E-6
168.986   1.27808E-5
169.857   1.02492E-5
170.732   5.93955E-6
171.612   7.87214E-6
172.496   1.39643E-5
173.385   7.30983E-6
174.279   5.87079E-6
175.177   1.08194E-5
176.08   1.06608E-5
176.987   5.70768E-6
177.899   7.21383E-6
178.816   1.32248E-5
179.737   6.80538E-6
180.664   5.65212E-6
181.595   1.10264E-5
182.53   9.04758E-6
183.471   5.26834E-6
184.417   7.97194E-6
185.367   1.15507E-5
186.322   5.57438E-6
187.282   6.18012E-6
188.247   1.22299E-5
189.218   6.35715E-6
190.193   5.29939E-6
191.173   1.08597E-5
192.158   7.43015E-6
193.148   4.90832E-6
194.144   9.10824E-6
195.144   8.5246E-6
196.15   4.76423E-6
197.161   7.79736E-6
198.177   9.35538E-6
199.198   4.72256E-6
200.224   6.97167E-6
201.256   9.77845E-6
202.293   4.69046E-6
203.336   6.51616E-6
204.384   9.81555E-6
205.437   4.61441E-6
206.496   6.34936E-6
207.56   9.52637E-6
208.629   4.48029E-6
209.705   6.45159E-6
210.785   8.91151E-6
211.871   4.31292E-6
212.963   6.86244E-6
214.061   7.94934E-6
215.164   4.17152E-6
216.273   7.65622E-6
217.387   6.72569E-6
218.507   4.14638E-6
219.634   8.79158E-6
220.765   5.48373E-6
221.903   4.37152E-6
223.047   9.58975E-6
224.196   4.49173E-6
225.351   5.07367E-6
226.513   8.63511E-6
227.68   3.91797E-6
228.853   6.6147E-6
230.033   6.30087E-6
231.218   3.88717E-6
232.41   8.7329E-6
233.607   4.46096E-6
234.811   4.69006E-6
236.021   8.09937E-6
237.237   3.67765E-6
238.46   6.93801E-6
239.689   5.17742E-6
240.924   3.98631E-6
242.166   8.53944E-6
243.414   3.66705E-6
244.668   6.02584E-6
245.929   5.41033E-6
247.196   3.76062E-6
248.47   8.31087E-6
249.751   3.54326E-6
251.038   6.05551E-6
252.331   4.91799E-6
253.632   3.83588E-6
254.939   7.66115E-6
256.252   3.3315E-6
257.573   6.98891E-6
258.9   3.97891E-6
260.235   4.47587E-6
261.576   5.8786E-6
262.924   3.36936E-6
264.279   7.73281E-6
265.64   3.23897E-6
267.009   6.40792E-6
268.385   3.83572E-6
269.768   4.43639E-6
271.159   5.19953E-6
272.556   3.41624E-6
273.961   6.90655E-6
275.372   3.06574E-6
276.792   7.27076E-6
278.218   3.13476E-6
279.652   6.0067E-6
281.093   3.53076E-6
282.541   4.65336E-6
283.997   4.21645E-6
285.461   3.76882E-6
286.932   5.10909E-6
288.411   3.26418E-6
289.897   6.00197E-6
291.391   2.99605E-6
292.892   6.62193E-6
294.402   2.86783E-6
295.919   6.8396E-6
297.444   2.81831E-6
298.977   6.75453E-6
300.518   2.80637E-6
302.066   6.55259E-6
303.623   2.80343E-6
305.188   6.37132E-6
306.76   2.79102E-6
308.341   6.27608E-6
309.93   2.76081E-6
311.527   6.27958E-6
313.133   2.71487E-6
314.746   6.35025E-6
316.368   2.6654E-6
317.999   6.39852E-6
319.637   2.63412E-6
321.285   6.2655E-6
322.94   2.65259E-6
324.605   5.78742E-6
326.277   2.76601E-6
327.959   4.96482E-6
329.649   3.04392E-6
331.348   4.02542E-6
333.055   3.59735E-6
334.771   3.22999E-6
336.497   4.55742E-6
338.231   2.7073E-6
339.974   5.73245E-6
341.726   2.49173E-6
343.487   5.83076E-6
345.257   2.63564E-6
347.036   4.37911E-6
348.824   3.32546E-6
350.622   3.05519E-6
352.429   4.8432E-6
354.245   2.46556E-6
356.071   5.8063E-6
357.906   2.55924E-6
359.75   4.05621E-6
361.604   3.58642E-6
363.467   2.66353E-6
365.34   5.57412E-6
367.223   2.39756E-6
369.116   4.47285E-6
371.018   3.29879E-6
372.93   2.66259E-6
374.852   5.5223E-6
376.783   2.39353E-6
378.725   3.96826E-6
380.677   3.74878E-6
382.638   2.3981E-6
384.61   5.43999E-6
386.592   2.69908E-6
388.585   2.88481E-6
390.587   5.18487E-6
392.6   2.33672E-6
394.623   3.62396E-6
396.657   4.22877E-6
398.701   2.26023E-6
400.755   4.29162E-6
402.821   3.61832E-6
404.897   2.27306E-6
406.983   4.63643E-6
409.08   3.38047E-6
411.189   2.27426E-6
413.308   4.62251E-6
415.437   3.44333E-6
417.578   2.23573E-6
419.73   4.25268E-6
421.893   3.83781E-6
424.067   2.20461E-6
426.253   3.55536E-6
428.449   4.63372E-6
430.657   2.30522E-6
432.877   2.77712E-6
435.107   5.29036E-6
437.35   2.78834E-6
439.604   2.25979E-6
441.869   4.22964E-6
444.146   4.13819E-6
446.435   2.25084E-6
448.735   2.6821E-6
451.048   5.14381E-6
453.372   3.24481E-6
455.709   2.16237E-6
458.057   3.03911E-6
460.418   5.22248E-6
462.79   3.03405E-6
465.175   2.15393E-6
467.572   2.97599E-6
469.982   5.17723E-6
472.404   3.35461E-6
474.838   2.18707E-6
477.285   2.5404E-6
479.745   4.51525E-6
482.217   4.43549E-6
484.702   2.54219E-6
487.2   2.16379E-6
489.711   2.99636E-6
492.235   5.00079E-6
494.771   4.06417E-6
497.321   2.48337E-6
499.884   2.15684E-6
502.46   2.79195E-6
505.049   4.55236E-6
507.652   4.82151E-6
510.268   3.05127E-6
512.898   2.23488E-6
515.541   2.23604E-6
518.197   2.9888E-6
520.868   4.57727E-6
523.552   5.03541E-6
526.25   3.5202E-6
528.962   2.49335E-6
531.688   2.16494E-6
534.428   2.32914E-6
537.182   3.01137E-6
539.95   4.26885E-6
542.733   5.24238E-6
545.53   4.57023E-6
548.341   3.36499E-6
551.167   2.59776E-6
554.007   2.24989E-6
556.862   2.19147E-6
559.732   2.36815E-6
562.616   2.78458E-6
565.516   3.46081E-6
568.43   4.33312E-6
571.359   5.10233E-6
574.304   5.33069E-6
577.263   4.94689E-6
580.238   4.29818E-6
583.228   3.68612E-6
586.234   3.21288E-6
589.255   2.87602E-6
592.291   2.64596E-6
595.344   2.49373E-6
598.412   2.39668E-6
601.495   2.33809E-6
604.595   2.30567E-6
607.711   2.29042E-6
610.843   2.28592E-6
613.99   2.28797E-6
617.155   2.2945E-6
620.335   2.30551E-6
623.532   2.32321E-6
626.745   2.35208E-6
629.975   2.39921E-6
633.221   2.4748E-6
636.484   2.59314E-6
639.765   2.77425E-6
643.061   3.04587E-6
646.375   3.44432E-6
649.706   4.00647E-6
653.055   4.72904E-6
656.42   5.4558E-6
659.803   5.77186E-6
663.203   5.32145E-6
666.62   4.36769E-6
670.056   3.4496E-6
673.509   2.8189E-6
676.98   2.49575E-6
680.468   2.46408E-6
683.975   2.77006E-6
687.5   3.57306E-6
691.043   5.00839E-6
694.604   6.02142E-6
698.183   4.87673E-6
701.781   3.36175E-6
705.398   2.63128E-6
709.033   2.5959E-6
712.687   3.33286E-6
716.36   5.18387E-6
720.051   6.05436E-6
723.762   3.9904E-6
727.492   2.7651E-6
731.241   2.71674E-6
735.009   3.94992E-6
738.797   6.31289E-6
742.604   4.66691E-6
746.431   2.89543E-6
750.278   2.83843E-6
754.144   4.6367E-6
758.03   6.37879E-6
761.937   3.57413E-6
765.863   2.7588E-6
769.81   4.13053E-6
773.777   6.68562E-6
777.765   3.64628E-6
781.773   2.86051E-6
785.801   4.92518E-6
789.851   6.03996E-6
793.921   3.08334E-6
798.013   3.49498E-6
802.125   7.0143E-6
806.259   3.77599E-6
810.413   3.1309E-6
814.59   6.6234E-6
818.788   4.26228E-6
823.007   3.12982E-6
827.248   6.76796E-6
831.511   4.12822E-6
835.797   3.3571E-6
840.104   7.47821E-6
844.433   3.54428E-6
848.785   4.20404E-6
853.159   6.61398E-6
857.555   3.19702E-6
861.975   6.78769E-6
866.417   4.08267E-6
870.881   4.19698E-6
875.369   6.55504E-6
879.88   3.38177E-6
884.415   8.09288E-6
888.972   3.48695E-6
893.554   6.82113E-6
898.158   4.05618E-6
902.787   5.50842E-6
907.439   4.79113E-6
912.116   4.86952E-6
916.816   5.37327E-6
921.541   4.70025E-6
926.29   5.56388E-6
931.063   4.89244E-6
935.861   5.29698E-6
940.684   5.53119E-6
945.532   4.70786E-6
950.404   6.90229E-6
955.302   4.11453E-6
960.225   8.95296E-6
965.173   3.90218E-6
970.147   8.77488E-6
975.147   4.59662E-6
980.172   5.72745E-6
985.223   7.45277E-6
990.3   4.16299E-6
995.404   9.5313E-6
1000.53   5.04467E-6
1005.69   5.17641E-6
1010.87   9.96422E-6
1016.08   4.54459E-6
1021.32   6.17555E-6
1026.58   9.65926E-6
1031.87   4.6429E-6
1037.19   6.1309E-6
1042.53   1.07006E-5
1047.91   5.25409E-6
1053.31   5.22104E-6
1058.73   1.0592E-5
1064.19   7.68439E-6
1069.67   4.84261E-6
1075.19   6.50338E-6
1080.73   1.1825E-5
1086.3   7.73646E-6
1091.9   5.12844E-6
1097.52   6.00711E-6
1103.18   1.05218E-5
1108.86   1.15167E-5
1114.58   6.96703E-6
1120.32   5.40104E-6
1126.09   6.06854E-6
1131.9   9.06464E-6
1137.73   1.31995E-5
1143.59   1.17392E-5
1149.49   8.14008E-6
1155.41   6.32633E-6
1161.36   5.86172E-6
1167.35   6.30666E-6
1173.37   7.56624E-6
1179.41   9.63063E-6
1185.49   1.22035E-5
1191.6   1.44114E-5
1197.74   1.53599E-5
1203.91   1.50917E-5
1210.12   1.43023E-5
1216.35   1.35482E-5
1222.62   1.30699E-5
1228.92   1.29381E-5
1235.25   1.31737E-5
1241.62   1.3795E-5
1248.02   1.48102E-5
1254.45   1.61411E-5
1260.91   1.74394E-5
1267.41   1.7906E-5
1273.94   1.66978E-5
1280.51   1.40527E-5
1287.11   1.12306E-5
1293.74   9.17679E-6
1300.41   8.17609E-6
1307.11   8.36041E-6
1313.85   1.02346E-5
1320.62   1.4991E-5
1327.42   2.06281E-5
1334.26   1.6554E-5
1341.14   1.07078E-5
1348.05   9.00362E-6
1355   1.13964E-5
1361.98   1.99708E-5
1369   1.91421E-5
1376.05   1.09465E-5
1383.14   1.029E-5
1390.27   1.83567E-5
1397.44   2.11997E-5
1404.64   1.11679E-5
1411.88   1.24418E-5
1419.15   2.5587E-5
1426.47   1.42611E-5
1433.82   1.18412E-5
1441.21   2.60591E-5
1448.63   1.49E-5
1456.1   1.32843E-5
1463.6   2.88327E-5
1471.14   1.29278E-5
1478.73   2.00148E-5
1486.35   2.03292E-5
1494.01   1.41779E-5
1501.7   3.04932E-5
1509.44   1.34858E-5
1517.22   3.25906E-5
1525.04   1.4416E-5
1532.9   3.1625E-5
1540.8   1.52978E-5
1548.74   3.33457E-5
1556.72   1.55525E-5
1564.74   3.74717E-5
1572.81   1.60194E-5
1580.91   3.5543E-5
1589.06   1.94123E-5
1597.25   2.40199E-5
1605.48   3.28134E-5
1613.75   1.79436E-5
1622.07   3.92472E-5
1630.43   2.55247E-5
1638.83   2.04468E-5
1647.28   4.49708E-5
1655.76   2.78708E-5
1664.3   2.09721E-5
1672.87   3.932E-5
1681.49   4.30789E-5
1690.16   2.37939E-5
1698.87   2.51631E-5
1707.62   4.56694E-5
1716.42   5.22118E-5
1725.27   3.12716E-5
1734.16   2.51942E-5
1743.1   2.97851E-5
1752.08   4.54597E-5
1761.11   6.47311E-5
1770.18   5.98166E-5
1779.31   4.47312E-5
1788.48   3.57783E-5
1797.69   3.20991E-5
1806.96   3.14562E-5
1816.27   3.25148E-5
1825.63   3.44053E-5
1835.04   3.64463E-5
1844.49   3.81088E-5
1854   3.90939E-5
1863.55   3.94207E-5
1873.16   3.94687E-5
1882.81   3.99788E-5
1892.51   4.21112E-5
1902.26   4.77808E-5
1912.07   6.056E-5
1921.92   8.57497E-5
1931.83   0.00011304
1941.78   9.63323E-5
1951.79   6.44814E-5
1961.85   5.25319E-5
1971.96   6.31926E-5
1982.12   0.000112411
1992.33   0.000122446
2002.6   6.8869E-5
2012.92   6.72586E-5
2023.29   0.000134494
2033.72   0.000115178
2044.2   7.05033E-5
2054.73   0.000127261
2065.32   0.000134622
2075.97   8.01533E-5
2086.66   0.00018179
2097.42   0.000105641
2108.23   0.000121105
2119.09   0.000170557
2130.01   0.000106388
2140.99   0.000228121
2152.02   0.000111378
2163.11   0.000254584
2174.26   0.000125716
2185.46   0.000241995
2196.73   0.000163444
2208.05   0.000184506
2219.42   0.000286335
2230.86   0.000154109
2242.36   0.0003302
2253.91   0.000254488
2265.53   0.000185512
2277.2   0.000379111
2288.94   0.000366628
2300.74   0.00022213
2312.59   0.000281501
2324.51   0.000543378
2336.49   0.00050595
2348.53   0.000329338
2360.63   0.000300157
2372.8   0.000373384
2385.02   0.000554698
2397.32   0.00080852
2409.67   0.000958712
2422.09   0.000947283
2434.57   0.000899567
2447.12   0.000888017
2459.73   0.000929501
2472.4   0.0010339
2485.14   0.00122203
2497.95   0.00152183
2510.82   0.00190126
2523.76   0.00209475
2536.77   0.00183802
2549.84   0.00146006
2562.98   0.0013146
2576.19   0.00158219
2589.46   0.00277618
2602.81   0.00445154
2616.22   0.00299
2629.7   0.00264787
2643.26   0.00516424
2656.88   0.00732605
2670.57   0.00465398
2684.33   0.00890228
2698.16   0.0121225
2712.07   0.00953881
2726.04   0.0264024
2740.09   0.0173298
2754.21   0.0417761
2768.41   0.0355786
2782.67   0.0696573
2797.01   0.0554187
2811.43   0.0880529
2825.92   0.040364
2840.48   0.0612391
2855.12   0.0285551
2869.83   0.0182189
2884.62   0.0294256
2899.48   0.0140721
2914.43   0.00804897
2929.45   0.0100657
2944.54   0.0134463
2959.72   0.00745166
2974.97   0.00434142
2990.3   0.00355056
3005.71   0.00366234
3021.2   0.00418616
3036.77   0.00471331
3052.42   0.00489122
3068.15   0.00470448
3083.96   0.00432498
3099.85   0.00381451
3115.83   0.00313296
3131.88   0.00235114
3148.02   0.001695
3164.25   0.00131647
3180.55   0.00126188
3196.94   0.00169333
3213.42   0.00260588
3229.98   0.0016307
3246.62   0.000978385
3263.35   0.00133443
3280.17   0.00202749
3297.07   0.000890031
3314.06   0.00126281
3331.14   0.00136404
3348.31   0.000807934
3365.56   0.00171242
3382.91   0.000716595
3400.34   0.00162989
3417.86   0.000698355
3435.48   0.00122361
3453.18   0.000890981
3470.98   0.000685227
3488.86   0.00146778
3506.84   0.0007525
3524.92   0.000607955
3543.08   0.0010591
3561.34   0.00127061
3579.69   0.000737365
3598.14   0.000555702
3616.68   0.00056217
3635.32   0.000661825
3654.05   0.000798903
3672.88   0.000910206
3691.81   0.000951634
3710.84   0.000912015
3729.96   0.000800624
3749.18   0.000656215
3768.5   0.000540427
3787.92   0.000506834
3807.44   0.000629818
3827.06   0.00107234
3846.79   0.000991184
3866.61   0.000535645
3886.54   0.000624419
3906.57   0.00121922
3926.7   0.000548979
3946.93   0.000784678
3967.27   0.00081869
3987.72   0.000609751
4008.27   0.000945952
4028.92   0.000648594
4049.69   0.000752732
4070.55   0.00100177
4091.53   0.000548873
4112.62   0.00107107
4133.81   0.00101472
4155.11   0.000587902
4176.53   0.000679544
4198.05   0.00114998
4219.68   0.00144831
4241.43   0.00114114
4263.29   0.000899723
4285.26   0.000802573
4307.34   0.000787119
4329.54   0.000831904
4351.85   0.000961854
4374.27   0.00125829
4396.82   0.00172599
4419.47   0.00157388
4442.25   0.000966299
4465.14   0.000822323
4488.15   0.00142726
4511.28   0.00174748
4534.53   0.000912351
4557.9   0.00179618
4581.39   0.00129474
4605   0.00141877
4628.73   0.0015621
4652.58   0.00171949
4676.56   0.00133612
4700.66   0.00296541
4724.88   0.00144279
4749.23   0.00166577
4773.7   0.00339121
4798.3   0.00276163
4823.03   0.00188022
4847.89   0.00178114
4872.87   0.00203127
4897.98   0.00240782
4923.22   0.0027167
4948.59   0.00283329
4974.09   0.00279493
4999.73   0.00283125
5025.49   0.00340605
5051.39   0.00571005
5077.42   0.00872768
5103.59   0.00510983
5129.89   0.00510282
5156.32   0.0123493
5182.9   0.00651341
5209.6   0.0115278
5236.45   0.0097533
5263.44   0.0161007
5290.56   0.0114108
5317.82   0.0296308
5345.23   0.0191892
5372.77   0.0207923
5400.46   0.043985
5428.29   0.0683376
5456.27   0.0657361
5484.38   0.0720194
5512.65   0.0950073
5541.06   0.140188
5569.61   0.214385
5598.31   0.287672
5627.16   0.287193
5656.16   0.281347
5685.31   0.272165
5714.61   0.114918
5744.06   0.0740101
5773.66   0.11644
5803.41   0.0406244
5833.32   0.0578487
5863.38   0.0275485
5893.6   0.0451967
5923.97   0.0174132
5954.5   0.0268226
5985.18   0.0255438
6016.02   0.0124131
6047.03   0.0107341
6078.19   0.0127176
6109.51   0.0152848
6141   0.0160111
6172.64   0.014698
6204.45   0.0117847
6236.43   0.00823849
6268.56   0.00594731
6300.87   0.00609809
6333.34   0.0111079
6365.98   0.00767915
6398.78   0.00491022
6431.76   0.0110325
6464.9   0.00438254
6498.22   0.0102924
6531.71   0.00431659
6565.37   0.00602149
6599.2   0.00878764
6633.21   0.00453539
6667.39   0.00381537
6701.75   0.00442919
6736.29   0.00535057
6771   0.0057649
6805.89   0.00533603
6840.97   0.00438742
6876.22   0.00372748
6911.66   0.0043631
6947.27   0.00841489
6983.07   0.00559684
7019.06   0.00414805
7055.23   0.00933953
7091.59   0.00405842
7128.14   0.00920539
7164.87   0.00521341
7201.79   0.00494602
7238.91   0.00999084
7276.21   0.00948693
7313.71   0.00658439
7351.4   0.00577838
7389.28   0.00585264
7427.36   0.00649838
7465.64   0.00844337
7504.11   0.0137982
7542.78   0.0140764
7581.65   0.00794965
7620.72   0.0116428
7659.99   0.0158602
7699.47   0.0109688
7739.15   0.0183541
7779.03   0.0186846
7819.12   0.0137091
7859.41   0.0251651
7899.91   0.0412046
7940.62   0.038564
7981.54   0.0379332
8022.68   0.0453629
8064.02   0.0657024
8105.58   0.0967576
8147.35   0.0827352
8189.33   0.0721306
8231.53   0.160067
8273.95   0.177827
8316.59   0.255953
8359.45   0.330912
8402.53   0.532056
8445.83   0.527626
8489.35   0.583614
8533.1   0.490333
8577.08   0.329963
8621.28   0.238232
8665.71   0.205296
8710.36   0.185206
8755.25   0.100909
8800.37   0.0518732
8845.72   0.0699753
8891.3   0.0560703
8937.13   0.0390587
8983.18   0.038002
9029.47   0.0503419
9076.01   0.0230441
9122.78   0.0215965
9169.79   0.0266495
9217.04   0.0296565
9264.54   0.0267963
9312.29   0.0198372
9360.28   0.014428
9408.51   0.016458
9457   0.0315148
9505.73   0.01321
9554.72   0.0258239
9603.96   0.0122372
9653.45   0.0256829
9703.2   0.020264
9753.2   0.0129007
9803.46   0.0119278
9853.98   0.0121186
9904.76   0.0123072
9955.81   0.0143439
10007.1   0.0252789
10058.7   0.0240104
10110.5   0.0142023
10162.6   0.0352114
10215   0.0159956
10267.6   0.0266549
10320.5   0.0397104
10373.7   0.0263355
10427.2   0.0234409
10480.9   0.0253318
10534.9   0.0318609
10589.2   0.0538836
10643.8   0.0712625
10698.6   0.0407359
10753.8   0.0870733
10809.2   0.0614305
10864.9   0.154977
10920.9   0.107054
10977.2   0.115439
11033.7   0.166727
11090.6   0.234079
11147.8   0.312896
11205.2   0.476432
11262.9   0.681507
11321   0.68273
11379.3   0.538177
11438   0.542829
11496.9   0.245663
11556.2   0.231108
11615.7   0.262807
11675.6   0.235272
11735.7   0.187468
11796.2   0.118735
11857   0.0632693
11918.1   0.0660246
11979.5   0.0894907
12041.3   0.0451315
12103.3   0.0515605
12165.7   0.0795651
12228.4   0.0481317
12291.4   0.0368659
12354.7   0.0366777
12418.4   0.0490677
12482.4   0.059779
12546.7   0.0275358
12611.4   0.0452686
12676.4   0.0282317
12741.7   0.0618726
12807.4   0.039347
12873.4   0.0300253
12939.7   0.0299793
13006.4   0.0353257
13073.4   0.0597968
13140.8   0.0633205
13208.5   0.0379788
13276.6   0.091327
13345   0.0568056
13413.8   0.0542411
13482.9   0.0793125
13552.4   0.101887
13622.2   0.10368
13692.4   0.109104
13763   0.226401
13833.9   0.242181
13905.2   0.365653
13976.8   0.351302
14048.9   0.561891
14121.3   0.716631
14194   0.723314
14267.2   0.749007
14340.7   0.621618
14414.6   0.304378
14488.9   0.454446
14563.6   0.190852
14638.6   0.146021
14714.1   0.160651
14789.9   0.145624
14866.1   0.0992035
14942.7   0.0685689
15019.7   0.11208
15097.1   0.0676888
15174.9   0.108833
15253.1   0.0526623
15331.7   0.0466322
15410.7   0.0458971
15490.1   0.0444239
15570   0.0645429
15650.2   0.0872018
15730.9   0.0491663
15811.9   0.0683285
15893.4   0.117234
15975.3   0.106201
16057.6   0.121042
16140.4   0.143729
16223.6   0.0832542
16307.2   0.125738
16391.2   0.115076
16475.7   0.260603
16560.6   0.286436
16645.9   0.348199
16731.7   0.503809
16817.9   0.439417
16904.6   0.576675
16991.7   0.719497
17079.3   0.788284
17167.3   0.705009
17255.8   0.547968
17344.7   0.35688
17434.1   0.328904
17523.9   0.359289
17614.2   0.190465
17705   0.140472
17796.2   0.162279
17887.9   0.144961
17980.1   0.0953419
18072.8   0.0862805
18165.9   0.154444
18259.5   0.0796831
18353.6   0.0687096
18448.2   0.0798125
18543.3   0.0732624
18638.8   0.0678432
18734.9   0.148391
18831.4   0.075941
18928.5   0.162222
19026   0.195254
19124.1   0.217899
19222.6   0.244458
19321.7   0.152478
19421.3   0.330206
19521.3   0.234206
19621.9   0.348143
19723.1   0.477222
19824.7   0.586365
19926.9   0.857194
20029.6   0.812237
20132.8   0.623093
20236.5   0.562247
20340.8   0.439051
20445.6   0.266884
20551   0.251117
20656.9   0.250796
20763.4   0.24141
20870.4   0.138289
20977.9   0.122816
21086   0.170558
21194.7   0.147478
21303.9   0.111272
21413.7   0.0898307
21524   0.110157
21635   0.102229
21746.4   0.101416
21858.5   0.238354
21971.2   0.129328
22084.4   0.144285
22198.2   0.177239
22312.6   0.21138
22427.6   0.492884
22543.1   0.363423
22659.3   0.640567
22776.1   0.817174
22893.5   0.827133
23011.4   0.917982
23130   0.581067
23249.2   0.48262
23369   0.453045
23489.5   0.301431
23610.5   0.193338
23732.2   0.347571
23854.5   0.16185
23977.4   0.123756
24101   0.118995
24225.2   0.194714
24350   0.13019
24475.5   0.243313
24601.6   0.197693
24728.4   0.251417
24855.8   0.215993
24983.9   0.189221
25112.7   0.203776
25242.1   0.289389
25372.2   0.320475
25502.9   0.569221
25634.4   0.621886
25766.5   0.870545
25899.2   0.828164
26032.7   0.83852
26166.9   0.582309
26301.7   0.643626
26437.3   0.396648
26573.5   0.381107
26710.4   0.308147
26848.1   0.179197
26986.4   0.146355
27125.5   0.14414
27265.3   0.127476
27405.8   0.278469
27547   0.139933
27689   0.144591
27831.7   0.16814
27975.1   0.378946
28119.3   0.238239
28264.2   0.364506
28409.8   0.448956
28556.2   0.639344
28703.4   0.842663
28851.3   0.853746
29000   0.672836
